['FSS', 1.183551, -17014805504.0, 24.1875]
['FSS', 1.085167, -2153155584.0, 24.125]
['FSS', 1.217617, -3598143488.0, 24.125]
['FSS', 1.085167, -2153155584.0, 24.625]
['FSS', 1.183551, -17014805504.0, 24.625]
['FSS', 1.217617, -3598143488.0, 24.75]
['FSS', 1.183551, -2.425698, 25.875]
['FSS', 1.183551, -2.425698, 25.875]
['FSS', 1.183551, -2.425698, 25.84375]
['FSS', 1.183551, -2.425698, 25.8125]
['FSS', 1.183551, -2.425698, 25.84375]
['FSS', 1.183551, -2.425698, 25.8125]
['FSS', 1.183551, -2.425698, 25.8125]
['FSS', 1.183551, -2.425698, 25.84375]
['FSS', -374418.46875, 3.463343, 25.84375]
['FSS', -0.0001, -149922640.0, 25.8125]
['FSS', -0.0001, -149922640.0, 25.8125]
