['FSS', 1.183551, -17014805504.0, 23.0]
['FSS', 1.217617, -3598143488.0, 20.625]
['FSS', -767342018560.0, -767342018560.0, 19.71875]
['FSS', 1.217617, -3598143488.0, 19.6875]
['FSS', 1.183551, -17014805504.0, 19.6875]
['FSS', 1.183551, -17014805504.0, 19.6875]
['FSS', 1.217617, -3598143488.0, 19.6875]
['FSS', 1.183551, -17014805504.0, 19.90625]
['FSS', 1.183551, -17014805504.0, 19.9375]
['FSS', 1.217617, -3598143488.0, 20.0]
['FSS', 1.183551, -17014805504.0, 20.0625]
['FSS', 1.183551, -17014805504.0, 20.03125]
['FSS', 1.183551, -17014805504.0, 20.03125]
['FSS', 1.217617, -3598143488.0, 20.03125]
['FSS', 1.085167, -2153155584.0, 20.03125]
['FSS', 1.183551, -17014805504.0, 20.03125]
['FSS', 1.152139, -3256689664.0, 20.03125]
['FSS', 1.085167, -2153155584.0, 20.0]
['FSS', 1.217617, -3598143488.0, 20.0]
['FSS', 1.085167, -2153155584.0, 20.0]
['FSS', 1.183551, -17014805504.0, 19.96875]
['FSS', 1.183551, -17014805504.0, 19.96875]
['FSS', 1.085167, -2153155584.0, 20.0]
['FSS', 1.217617, -3598143488.0, 20.0]
['FSS', 1.217617, -3598143488.0, 19.96875]
['FSS', 1.217617, -3598143488.0, 17.5625]
['FSS', 1.085167, -2153155584.0, 17.21875]
['FSS', 1.085167, -2153155584.0, 16.25]
['FSS', -767342018560.0, -767342018560.0, 16.0625]
['FSS', -921124864000.0, -921124864000.0, 15.90625]
['FSS', 1.152139, -3256689664.0, 15.78125]
['FSS', -2342540.75, 2.265535, 15.46875]
['FSS', 1.085167, -2153155584.0, 15.125]
['FSS', 1.183551, -2.425698, 15.0625]
['FSS', 1.183551, -17014805504.0, 13.96875]
['FSS', 1.183551, -17014805504.0, 10.96875]
['FSS', 1.217617, -3598143488.0, 10.1875]
['FSS', 1.183551, -17014805504.0, 10.1875]
['FSS', 1.183551, -17014805504.0, 9.84375]
['FSS', 1.085167, -2153155584.0, 9.5625]
['FSS', 1.085167, -2153155584.0, 9.53125]
['FSS', 1.183551, -17014805504.0, 9.53125]
['FSS', 1.217617, -3598143488.0, 9.53125]
['FSS', 1.217617, -3598143488.0, 9.5625]
['FSS', 1.183551, -17014805504.0, 9.6875]
['FSS', 1.217617, -3598143488.0, 9.71875]
['FSS', 1.183551, -17014805504.0, 9.71875]
['FSS', 1.217617, -3598143488.0, 9.75]
['FSS', 1.217617, -3598143488.0, 9.75]
['FSS', 1.085167, -2153155584.0, 9.78125]
['FSS', 1.183551, -17014805504.0, 9.8125]
['FSS', -0.0, -6088730112.0, 9.875]
['FSS', 1.217617, -3598143488.0, 10.0]
['FSS', 1.183551, -17014805504.0, 10.0]
['FSS', 1.183551, -17014805504.0, 9.96875]
['FSS', 1.217617, -3598143488.0, 9.96875]
['FSS', 1.183551, -17014805504.0, 9.96875]
['FSS', 1.183551, -17014805504.0, 9.96875]
['FSS', -457527.71875, -0.0, 9.96875]
['FSS', 1.217617, -3598143488.0, 9.96875]
['FSS', 1.183551, -2.425698, 9.96875]
['FSS', 1.217617, -3598143488.0, 9.90625]
['FSS', 1.085167, -2153155584.0, 9.90625]
['FSS', 1.217617, -3598143488.0, 9.9375]
['FSS', 1.183551, -17014805504.0, 9.90625]
['FSS', 1.183551, -17014805504.0, 9.90625]
['FSS', 1.085167, -2153155584.0, 9.90625]
['FSS', 1.183551, -17014805504.0, 9.90625]
['FSS', 1.183551, -17014805504.0, 9.90625]
['FSS', 1.183551, -17014805504.0, 9.9375]
['FSS', 1.217617, -3598143488.0, 9.9375]
['FSS', 1.183551, -2.425698, 9.9375]
['FSS', 1.217617, -3598143488.0, 9.90625]
['FSS', 1.183551, -17014805504.0, 9.9375]
['FSS', 1.183551, -17014805504.0, 9.9375]
['FSS', 1.217617, -3598143488.0, 9.9375]
['FSS', 1.085167, -2153155584.0, 9.90625]
['FSS', -457527.71875, -0.0, 9.90625]
['FSS', 1.217617, -3598143488.0, 9.9375]
['FSS', -457527.71875, -0.0, 9.90625]
['FSS', 1.217617, -3598143488.0, 9.9375]
['FSS', 1.183551, -17014805504.0, 9.9375]
['FSS', -457527.71875, -0.0, 9.9375]
['FSS', 1.217617, -3598143488.0, 9.90625]
['FSS', 1.183551, -17014805504.0, 9.9375]
['FSS', 1.183551, -17014805504.0, 9.9375]
['FSS', 1.217617, -3598143488.0, 9.9375]
['FSS', -457527.71875, -0.0, 9.9375]
['FSS', 1.183551, -17014805504.0, 9.90625]
['FSS', 1.217617, -3598143488.0, 9.90625]
['FSS', 1.085167, -2153155584.0, 9.90625]
['FSS', 1.217617, -3598143488.0, 9.9375]
['FSS', 1.183551, -2.425698, 9.9375]
['FSS', 1.085167, -2153155584.0, 9.9375]
['FSS', 1.217617, -3598143488.0, 9.9375]
['FSS', 1.183551, -17014805504.0, 9.9375]
['FSS', 1.183551, -17014805504.0, 9.9375]
['FSS', 1.217617, -3598143488.0, 9.9375]
['FSS', 1.183551, -17014805504.0, 9.9375]
['FSS', 1.183551, -17014805504.0, 9.9375]
['FSS', -457527.71875, -0.0, 9.9375]
['FSS', 1.085167, -2153155584.0, 9.9375]
['FSS', 1.217617, -3598143488.0, 9.90625]
['FSS', 1.217617, -3598143488.0, 9.9375]
['FSS', 1.183551, -17014805504.0, 9.9375]
['FSS', 1.085167, -2153155584.0, 9.96875]
['FSS', 1.183551, -17014805504.0, 9.9375]
['FSS', -17025892352.0, 0.463648, 9.9375]
['FSS', 1.217617, -3598143488.0, 9.8125]
['FSS', 1.085167, -2153155584.0, 8.15625]
['FSS', -0.0, -6088730112.0, 7.5625]
['FSS', 1.085167, -2153155584.0, 6.34375]
['FSS', 1.183551, -17014805504.0, 0.375]
['FSS', -457527.71875, -0.0, -0.09375]
['FSS', 1.183551, -17014805504.0, -0.125]
['FSS', 1.183551, -17014805504.0, -0.125]
['FSS', -457527.71875, -0.0, -0.3125]
['FSS', 1.183551, -17014805504.0, -0.34375]
['FSS', 1.183551, -17014805504.0, -0.375]
['FSS', 1.183551, -2.425698, -0.375]
['FSS', 1.183551, -2.425698, -0.3125]
['FSS', 1.183551, -17014805504.0, -0.3125]
['FSS', 1.183551, -17014805504.0, -0.28125]
['FSS', 1.183551, -17014805504.0, -0.09375]
['FSS', 1.183551, -17014805504.0, -0.0625]
['FSS', 1.217617, -3598143488.0, -0.09375]
['FSS', -0.0, -6088730112.0, -0.0625]
['FSS', 1.183551, -17014805504.0, -0.03125]
['FSS', 1.183551, -17014805504.0, -0.0625]
['FSS', 1.183551, -17014805504.0, -0.09375]
['FSS', 1.183551, -17014805504.0, -0.09375]
['FSS', 1.183551, -17014805504.0, -0.125]
['FSS', 1.183551, -2.425698, -0.15625]
['FSS', 1.183551, -2.425698, -0.15625]
['FSS', 1.217617, -3598143488.0, -0.1875]
['FSS', 1.183551, -2.425698, -0.15625]
['FSS', -374418.46875, 3.463343, -0.1875]
['FSS', 1.183551, -17014805504.0, -0.1875]
['FSS', 1.085167, -2153155584.0, -0.125]
['FSS', 1.183551, -17014805504.0, -0.09375]
['FSS', -374418.46875, 3.463343, -0.09375]
['FSS', 1.183551, -17014805504.0, -0.09375]
['FSS', 1.183551, -17014805504.0, -0.09375]
['FSS', 1.183551, -17014805504.0, -0.125]
['FSS', 1.217617, -3598143488.0, -0.09375]
['FSS', 1.183551, -17014805504.0, -0.09375]
['FSS', 1.183551, -17014805504.0, -0.125]
['FSS', -374418.46875, 3.463343, -0.15625]
['FSS', -17025892352.0, 0.463648, -1.34375]
['FSS', -374418.46875, 3.463343, -4.1875]
['FSS', 1.217617, -3598143488.0, -6.46875]
['FSS', 1.217617, -3598143488.0, -6.8125]
['FSS', 1.217617, -3598143488.0, -9.875]
['FSS', 1.217617, -3598143488.0, -10.0625]
['FSS', -0.0, -6088730112.0, -10.09375]
['FSS', 1.183551, -17014805504.0, -10.125]
['FSS', 1.085167, -2153155584.0, -10.28125]
['FSS', 1.085167, -2153155584.0, -10.3125]
['FSS', 1.217617, -3598143488.0, -10.375]
['FSS', 1.217617, -3598143488.0, -10.375]
['FSS', 1.085167, -2153155584.0, -10.375]
['FSS', 1.217617, -3598143488.0, -10.375]
['FSS', 1.085167, -2153155584.0, -10.375]
['FSS', 1.183551, -17014805504.0, -10.34375]
['FSS', 1.183551, -17014805504.0, -10.28125]
['FSS', 1.183551, -17014805504.0, -10.28125]
['FSS', 1.217617, -3598143488.0, -10.25]
['FSS', 1.085167, -2153155584.0, -10.25]
['FSS', 1.085167, -2153155584.0, -10.25]
['FSS', 1.217617, -3598143488.0, -10.21875]
['FSS', 1.217617, -3598143488.0, -10.1875]
['FSS', 1.217617, -3598143488.0, -10.1875]
['FSS', 1.217617, -3598143488.0, -10.15625]
['FSS', 1.183551, -17014805504.0, -10.15625]
['FSS', 1.085167, -2153155584.0, -10.15625]
['FSS', 1.183551, -17014805504.0, -10.125]
['FSS', 1.217617, -3598143488.0, -10.09375]
['FSS', 1.217617, -3598143488.0, -10.125]
['FSS', 1.183551, -17014805504.0, -10.09375]
['FSS', 1.217617, -3598143488.0, -10.09375]
['FSS', 1.085167, -2153155584.0, -10.09375]
['FSS', 1.085167, -2153155584.0, -10.15625]
['FSS', 1.183551, -17014805504.0, -10.15625]
['FSS', 1.085167, -2153155584.0, -10.21875]
['FSS', 1.217617, -3598143488.0, -10.21875]
['FSS', 1.085167, -2153155584.0, -10.1875]
['FSS', 1.183551, -17014805504.0, -10.21875]
['FSS', 1.085167, -2153155584.0, -10.21875]
['FSS', 1.183551, -17014805504.0, -10.1875]
['FSS', 1.217617, -3598143488.0, -10.1875]
['FSS', 1.217617, -3598143488.0, -10.21875]
['FSS', 1.217617, -3598143488.0, -10.1875]
['FSS', 1.217617, -3598143488.0, -10.15625]
['FSS', 1.183551, -17014805504.0, -10.15625]
['FSS', 1.183551, -17014805504.0, -10.15625]
['FSS', 1.217617, -3598143488.0, -10.1875]
['FSS', 1.217617, -3598143488.0, -10.1875]
['FSS', 1.217617, -3598143488.0, -10.1875]
['FSS', 1.183551, -2.425698, -10.1875]
['FSS', 1.217617, -3598143488.0, -10.15625]
['FSS', 1.085167, -2153155584.0, -10.15625]
['FSS', 1.217617, -3598143488.0, -10.1875]
['FSS', 1.183551, -17014805504.0, -10.1875]
['FSS', 1.183551, -17014805504.0, -10.1875]
['FSS', 1.183551, -2.425698, -10.15625]
['FSS', 1.085167, -2153155584.0, -10.15625]
['FSS', -921124864000.0, -921124864000.0, -12.4375]
['FSS', 1.217617, -3598143488.0, -12.46875]
['FSS', 1.085167, -2153155584.0, -12.59375]
['FSS', 1.217617, -3598143488.0, -12.8125]
['FSS', -921124864000.0, -921124864000.0, -12.8125]
['FSS', 1.217617, -3598143488.0, -13.40625]
['FSS', 1.217617, -3598143488.0, -13.625]
['FSS', 1.183551, -17014805504.0, -13.625]
['FSS', 1.085167, -2153155584.0, -14.21875]
['FSS', -2342540.75, 2.265535, -14.3125]
['FSS', 1.217617, -3598143488.0, -14.59375]
['FSS', 1.217617, -3598143488.0, -14.6875]
['FSS', 1.183551, -17014805504.0, -19.28125]
['FSS', 1.217617, -3598143488.0, -20.34375]
['FSS', 1.085167, -2153155584.0, -20.375]
['FSS', 1.217617, -3598143488.0, -20.4375]
['FSS', 1.217617, -3598143488.0, -20.46875]
['FSS', 1.217617, -3598143488.0, -20.46875]
['FSS', 1.217617, -3598143488.0, -20.46875]
['FSS', 1.217617, -3598143488.0, -20.4375]
['FSS', -374418.46875, 3.463343, -20.4375]
['FSS', 1.085167, -2153155584.0, -20.46875]
['FSS', 1.217617, -3598143488.0, -20.46875]
['FSS', 1.217617, -3598143488.0, -20.46875]
['FSS', 1.217617, -3598143488.0, -20.46875]
['FSS', 1.217617, -3598143488.0, -20.46875]
['FSS', 1.085167, -2153155584.0, -20.40625]
['FSS', 1.085167, -2153155584.0, -20.4375]
['FSS', 1.217617, -3598143488.0, -20.40625]
['FSS', 1.085167, -2153155584.0, -20.4375]
['FSS', 1.085167, -2153155584.0, -20.40625]
['FSS', 1.217617, -3598143488.0, -20.40625]
['FSS', 1.217617, -3598143488.0, -20.375]
['FSS', 1.183551, -17014805504.0, -20.375]
['FSS', 1.085167, -2153155584.0, -20.34375]
['FSS', 1.217617, -3598143488.0, -20.34375]
['FSS', 1.183551, -17014805504.0, -20.3125]
['FSS', 1.183551, -2.425698, -20.21875]
['FSS', 1.183551, -17014805504.0, -20.21875]
['FSS', 1.217617, -3598143488.0, -20.21875]
['FSS', 1.217617, -3598143488.0, -20.21875]
['FSS', 1.217617, -3598143488.0, -20.21875]
['FSS', 1.217617, -3598143488.0, -20.1875]
['FSS', 1.183551, -17014805504.0, -20.21875]
['FSS', 1.085167, -2153155584.0, -20.21875]
['FSS', 1.085167, -2153155584.0, -20.21875]
['FSS', 1.217617, -3598143488.0, -20.21875]
['FSS', 1.183551, -17014805504.0, -20.21875]
['FSS', 1.183551, -17014805504.0, -20.21875]
['FSS', 1.183551, -17014805504.0, -20.21875]
['FSS', 1.183551, -17014805504.0, -20.21875]
['FSS', 1.217617, -3598143488.0, -20.21875]
['FSS', 1.183551, -17014805504.0, -20.1875]
['FSS', 1.183551, -17014805504.0, -20.15625]
['FSS', 1.217617, -3598143488.0, -20.15625]
['FSS', 1.217617, -3598143488.0, -20.125]
['FSS', 1.085167, -2153155584.0, -20.125]
['FSS', 1.217617, -3598143488.0, -20.15625]
['FSS', 1.183551, -17014805504.0, -20.15625]
['FSS', 1.217617, -3598143488.0, -20.125]
['FSS', -374418.46875, 3.463343, -20.15625]
['FSS', 1.085167, -2153155584.0, -20.15625]
['FSS', 1.183551, -17014805504.0, -20.15625]
['FSS', 1.217617, -3598143488.0, -20.15625]
['FSS', 1.217617, -3598143488.0, -20.15625]
['FSS', 1.217617, -3598143488.0, -20.15625]
['FSS', 1.217617, -3598143488.0, -20.15625]
['FSS', 1.217617, -3598143488.0, -20.15625]
['FSS', 1.183551, -17014805504.0, -20.1875]
['FSS', 1.217617, -3598143488.0, -20.1875]
['FSS', 1.183551, -2.425698, -20.1875]
['FSS', 1.183551, -17014805504.0, -20.1875]
['FSS', 1.183551, -17014805504.0, -20.1875]
['FSS', 1.085167, -2153155584.0, -20.21875]
['FSS', 1.217617, -3598143488.0, -20.1875]
['FSS', 1.217617, -3598143488.0, -20.1875]
['FSS', 1.085167, -2153155584.0, -20.1875]
['FSS', 1.217617, -3598143488.0, -20.1875]
['FSS', 1.217617, -3598143488.0, -20.1875]
['FSS', 1.217617, -3598143488.0, -20.21875]
['FSS', 1.183551, -17014805504.0, -20.21875]
['FSS', 1.085167, -2153155584.0, -20.28125]
['FSS', 1.183551, -17014805504.0, -20.1875]
['FSS', 1.217617, -3598143488.0, -21.65625]
['FSS', 1.085167, -2153155584.0, -22.5]
['FSS', 1.085167, -2153155584.0, -23.03125]
['FSS', 1.217617, -3598143488.0, -23.125]
['FSS', 1.085167, -2153155584.0, -24.0]
['FSS', -921124864000.0, -921124864000.0, -25.59375]
['FSS', 1.217617, -3598143488.0, -27.09375]
['FSS', 1.217617, -3598143488.0, -27.1875]
['FSS', 1.217617, -3598143488.0, -28.09375]
['FSS', 1.085167, -2153155584.0, -29.375]
['FSS', 1.217617, -3598143488.0, -29.625]
['FSS', 1.217617, -3598143488.0, -30.6875]
['FSS', 1.217617, -3598143488.0, -30.6875]
['FSS', 1.217617, -3598143488.0, -30.6875]
['FSS', 1.085167, -2153155584.0, -30.6875]
['FSS', 1.085167, -2153155584.0, -30.65625]
['FSS', 1.217617, -3598143488.0, -30.65625]
['FSS', 1.085167, -2153155584.0, -30.65625]
['FSS', 1.217617, -3598143488.0, -30.65625]
['FSS', 1.085167, -2153155584.0, -30.6875]
['FSS', 1.217617, -3598143488.0, -30.78125]
['FSS', 1.183551, -17014805504.0, -30.78125]
['FSS', 1.217617, -3598143488.0, -30.78125]
['FSS', 1.085167, -2153155584.0, -30.8125]
['FSS', 1.217617, -3598143488.0, -30.8125]
['FSS', 1.217617, -3598143488.0, -30.84375]
['FSS', 1.217617, -3598143488.0, -30.84375]
['FSS', 1.183551, -17014805504.0, -30.875]
['FSS', 1.217617, -3598143488.0, -30.875]
['FSS', 1.085167, -2153155584.0, -30.90625]
['FSS', 1.217617, -3598143488.0, -30.9375]
['FSS', 1.217617, -3598143488.0, -30.9375]
['FSS', 1.217617, -3598143488.0, -30.9375]
['FSS', 1.085167, -2153155584.0, -31.0]
['FSS', 1.217617, -3598143488.0, -31.03125]
['FSS', 1.217617, -3598143488.0, -31.0]
['FSS', 1.217617, -3598143488.0, -31.0]
['FSS', 1.217617, -3598143488.0, -31.0]
['FSS', 1.217617, -3598143488.0, -31.03125]
['FSS', 1.183551, -17014805504.0, -31.0]
['FSS', 1.183551, -17014805504.0, -31.0]
['FSS', 1.217617, -3598143488.0, -31.0]
['FSS', 1.217617, -3598143488.0, -31.0]
['FSS', 1.217617, -3598143488.0, -30.96875]
['FSS', 1.217617, -3598143488.0, -30.96875]
['FSS', 1.085167, -2153155584.0, -30.96875]
['FSS', 1.085167, -2153155584.0, -30.9375]
['FSS', 1.085167, -2153155584.0, -30.84375]
['FSS', 1.217617, -3598143488.0, -30.84375]
['FSS', 1.217617, -3598143488.0, -30.84375]
['FSS', 1.183551, -17014805504.0, -30.8125]
['FSS', 1.217617, -3598143488.0, -30.84375]
['FSS', -921124864000.0, -921124864000.0, -30.84375]
['FSS', 1.217617, -3598143488.0, -30.78125]
['FSS', 1.217617, -3598143488.0, -30.78125]
['FSS', 1.217617, -3598143488.0, -30.78125]
['FSS', 1.085167, -2153155584.0, -30.75]
['FSS', 1.085167, -2153155584.0, -30.75]
['FSS', 1.085167, -2153155584.0, -30.6875]
['FSS', 1.217617, -3598143488.0, -30.71875]
['FSS', 1.217617, -3598143488.0, -30.71875]
['FSS', 1.217617, -3598143488.0, -30.71875]
['FSS', 1.217617, -3598143488.0, -30.6875]
['FSS', 1.217617, -3598143488.0, -30.71875]
['FSS', 1.085167, -2153155584.0, -30.6875]
['FSS', 1.085167, -2153155584.0, -30.6875]
['FSS', 1.183551, -17014805504.0, -30.6875]
['FSS', 1.217617, -3598143488.0, -30.65625]
['FSS', 1.217617, -3598143488.0, -30.625]
['FSS', 1.085167, -2153155584.0, -30.625]
['FSS', 1.217617, -3598143488.0, -30.625]
['FSS', 1.183551, -17014805504.0, -30.625]
['FSS', 1.085167, -2153155584.0, -30.625]
['FSS', 1.085167, -2153155584.0, -30.59375]
['FSS', 1.085167, -2153155584.0, -30.5625]
['FSS', 1.085167, -2153155584.0, -30.59375]
['FSS', 1.217617, -3598143488.0, -30.5625]
['FSS', 1.217617, -3598143488.0, -30.5625]
['FSS', 1.085167, -2153155584.0, -30.5625]
['FSS', 1.085167, -2153155584.0, -30.5625]
['FSS', 1.085167, -2153155584.0, -30.5625]
['FSS', 1.085167, -2153155584.0, -30.5625]
['FSS', 1.085167, -2153155584.0, -30.5625]
['FSS', 1.217617, -3598143488.0, -30.59375]
['FSS', 1.085167, -2153155584.0, -30.5625]
['FSS', 1.217617, -3598143488.0, -30.53125]
['FSS', 1.217617, -3598143488.0, -30.53125]
['FSS', 1.217617, -3598143488.0, -30.5625]
['FSS', 1.183551, -17014805504.0, -30.53125]
['FSS', 1.085167, -2153155584.0, -30.53125]
['FSS', 1.183551, -17014805504.0, -30.53125]
['FSS', 1.217617, -3598143488.0, -30.5]
['FSS', 1.085167, -2153155584.0, -30.53125]
['FSS', 1.085167, -2153155584.0, -30.5]
['FSS', 1.217617, -3598143488.0, -30.5]
['FSS', 1.217617, -3598143488.0, -30.5]
['FSS', 1.217617, -3598143488.0, -30.5]
['FSS', 1.217617, -3598143488.0, -30.5]
['FSS', -921124864000.0, -921124864000.0, -30.5]
['FSS', 1.085167, -2153155584.0, -30.5]
['FSS', 1.085167, -2153155584.0, -30.5]
['FSS', 1.085167, -2153155584.0, -30.5]
['FSS', 1.183551, -17014805504.0, -30.53125]
['FSS', 1.085167, -2153155584.0, -30.53125]
['FSS', 1.217617, -3598143488.0, -30.5]
['FSS', 1.217617, -3598143488.0, -30.53125]
['FSS', 1.085167, -2153155584.0, -30.5]
['FSS', 1.085167, -2153155584.0, -30.53125]
['FSS', 1.085167, -2153155584.0, -30.5]
['FSS', 1.217617, -3598143488.0, -30.5]
['FSS', 1.085167, -2153155584.0, -30.5]
['FSS', 1.085167, -2153155584.0, -30.5]
['FSS', 1.217617, -3598143488.0, -30.53125]
['FSS', 1.217617, -3598143488.0, -30.53125]
['FSS', 1.217617, -3598143488.0, -30.53125]
['FSS', 1.217617, -3598143488.0, -30.5]
['FSS', 1.217617, -3598143488.0, -30.5]
['FSS', 1.217617, -3598143488.0, -30.53125]
['FSS', 1.217617, -3598143488.0, -30.53125]
['FSS', 1.217617, -3598143488.0, -30.5]
['FSS', 1.217617, -3598143488.0, -30.5]
['FSS', 1.217617, -3598143488.0, -30.5]
['FSS', 1.085167, -2153155584.0, -30.5]
['FSS', 1.217617, -3598143488.0, -30.53125]
['FSS', 1.217617, -3598143488.0, -30.5]
['FSS', 1.217617, -3598143488.0, -30.5]
['FSS', 1.085167, -2153155584.0, -30.5]
['FSS', 1.217617, -3598143488.0, -30.53125]
['FSS', 1.183551, -17014805504.0, -30.5]
['FSS', -921124864000.0, -921124864000.0, -30.5]
['FSS', 1.217617, -3598143488.0, -30.53125]
['FSS', 1.217617, -3598143488.0, -30.5]
['FSS', 1.085167, -2153155584.0, -30.5]
['FSS', 1.085167, -2153155584.0, -30.5]
['FSS', 1.085167, -2153155584.0, -30.5]
['FSS', 1.217617, -3598143488.0, -30.5]
['FSS', 1.217617, -3598143488.0, -30.5]
['FSS', 1.217617, -3598143488.0, -30.53125]
['FSS', 1.085167, -2153155584.0, -30.5]
['FSS', 1.085167, -2153155584.0, -30.5]
['FSS', 1.217617, -3598143488.0, -30.53125]
['FSS', 1.217617, -3598143488.0, -30.5]
['FSS', 1.183551, -17014805504.0, -30.5]
['FSS', 1.217617, -3598143488.0, -30.5]
['FSS', 1.217617, -3598143488.0, -30.5]
['FSS', 1.217617, -3598143488.0, -30.5]
['FSS', 1.217617, -3598143488.0, -30.53125]
['FSS', 1.217617, -3598143488.0, -30.5]
['FSS', 1.217617, -3598143488.0, -30.5]
['FSS', 1.217617, -3598143488.0, -30.5]
['FSS', 1.217617, -3598143488.0, -30.5]
['FSS', 1.217617, -3598143488.0, -30.5]
['FSS', 1.183551, -17014805504.0, -30.5]
['FSS', 1.217617, -3598143488.0, -30.5]
['FSS', 1.217617, -3598143488.0, -30.5]
['FSS', 1.217617, -3598143488.0, -30.5]
['FSS', 1.217617, -3598143488.0, -30.53125]
['FSS', 1.217617, -3598143488.0, -30.5]
['FSS', 1.217617, -3598143488.0, -30.53125]
['FSS', 1.183551, -17014805504.0, -30.5]
['FSS', 1.217617, -3598143488.0, -30.46875]
['FSS', 1.085167, -2153155584.0, -30.46875]
['FSS', 1.217617, -3598143488.0, -30.5]
['FSS', 1.217617, -3598143488.0, -30.5]
['FSS', 1.217617, -3598143488.0, -30.5]
['FSS', 1.217617, -3598143488.0, -30.53125]
['FSS', 1.085167, -2153155584.0, -30.53125]
['FSS', 1.183551, -17014805504.0, -30.5]
['FSS', 1.217617, -3598143488.0, -30.5]
['FSS', 1.217617, -3598143488.0, -30.53125]
['FSS', 1.217617, -3598143488.0, -30.53125]
['FSS', 1.217617, -3598143488.0, -30.53125]
['FSS', 1.217617, -3598143488.0, -30.53125]
['FSS', 1.183551, -17014805504.0, -30.53125]
['FSS', 1.217617, -3598143488.0, -30.53125]
['FSS', 1.183551, -17014805504.0, -30.53125]
['FSS', 1.183551, -17014805504.0, -30.53125]
['FSS', 1.217617, -3598143488.0, -30.5]
['FSS', 1.217617, -3598143488.0, -30.5]
['FSS', 1.217617, -3598143488.0, -30.5]
['FSS', 1.183551, -17014805504.0, -30.53125]
['FSS', 1.183551, -17014805504.0, -30.53125]
['FSS', 1.217617, -3598143488.0, -30.53125]
['FSS', 1.217617, -3598143488.0, -30.5]
['FSS', 1.217617, -3598143488.0, -30.5]
['FSS', 1.183551, -17014805504.0, -30.5]
['FSS', 1.183551, -17014805504.0, -30.53125]
['FSS', 1.183551, -17014805504.0, -30.5625]
['FSS', 1.217617, -3598143488.0, -30.53125]
['FSS', 1.183551, -17014805504.0, -30.53125]
['FSS', 1.217617, -3598143488.0, -30.53125]
['FSS', 1.217617, -3598143488.0, -30.5]
['FSS', 1.183551, -17014805504.0, -30.5]
['FSS', 1.217617, -3598143488.0, -30.5]
['FSS', 1.217617, -3598143488.0, -30.53125]
['FSS', 1.085167, -2153155584.0, -30.53125]
['FSS', 1.217617, -3598143488.0, -30.53125]
['FSS', 1.085167, -2153155584.0, -30.5]
['FSS', 1.217617, -3598143488.0, -30.53125]
['FSS', 1.217617, -3598143488.0, -30.5]
['FSS', 1.217617, -3598143488.0, -30.5]
['FSS', 1.183551, -17014805504.0, -30.53125]
['FSS', 1.217617, -3598143488.0, -30.53125]
['FSS', 1.217617, -3598143488.0, -30.53125]
['FSS', 1.217617, -3598143488.0, -30.5]
['FSS', 1.217617, -3598143488.0, -30.5]
['FSS', 1.183551, -17014805504.0, -30.53125]
['FSS', 1.217617, -3598143488.0, -30.53125]
['FSS', 1.217617, -3598143488.0, -30.53125]
['FSS', 1.217617, -3598143488.0, -30.53125]
['FSS', 1.217617, -3598143488.0, -30.53125]
['FSS', 1.217617, -3598143488.0, -30.5625]
['FSS', 1.183551, -17014805504.0, -30.15625]
['FSS', 1.217617, -3598143488.0, -23.75]
['FSS', 1.217617, -3598143488.0, -23.21875]
['FSS', 1.183551, -17014805504.0, -21.65625]
['FSS', 1.183551, -17014805504.0, -17.53125]
['FSS', 1.217617, -3598143488.0, -16.09375]
['FSS', 1.183551, -17014805504.0, -15.78125]
['FSS', 1.217617, -3598143488.0, -15.28125]
['FSS', 1.217617, -3598143488.0, -12.4375]
['FSS', 1.217617, -3598143488.0, -10.75]
['FSS', 1.217617, -3598143488.0, -7.65625]
['FSS', 1.183551, -17014805504.0, 1.28125]
['FSS', 1.183551, -17014805504.0, 2.09375]
['FSS', 1.183551, -17014805504.0, 3.9375]
['FSS', -457527.71875, -0.0, 3.9375]
['FSS', 1.183551, -17014805504.0, 5.8125]
['FSS', 1.217617, -3598143488.0, 5.78125]
['FSS', 1.217617, -3598143488.0, 6.84375]
['FSS', 1.183551, -17014805504.0, 7.90625]
['FSS', 1.085167, -2153155584.0, 12.5]
['FSS', 1.217617, -3598143488.0, 12.90625]
['FSS', 1.217617, -3598143488.0, 13.46875]
['FSS', -457527.71875, -0.0, 14.1875]
['FSS', 1.085167, -2153155584.0, 14.6875]
['FSS', 1.183551, -17014805504.0, 15.21875]
['FSS', 1.085167, -2153155584.0, 15.375]
['FSS', -921124864000.0, -921124864000.0, 15.59375]
['FSS', 1.217617, -3598143488.0, 16.3125]
['FSS', 1.085167, -2153155584.0, 16.875]
['FSS', 1.217617, -3598143488.0, 18.03125]
['FSS', 1.085167, -2153155584.0, 18.15625]
['FSS', 1.183551, -17014805504.0, 18.3125]
['FSS', 1.217617, -3598143488.0, 18.3125]
['FSS', 1.217617, -3598143488.0, 18.8125]
['FSS', 1.183551, -17014805504.0, 19.0]
['FSS', 1.217617, -3598143488.0, 19.03125]
['FSS', 1.217617, -3598143488.0, 19.125]
['FSS', 1.217617, -3598143488.0, 19.1875]
['FSS', 1.183551, -17014805504.0, 19.28125]
['FSS', 1.183551, -17014805504.0, 19.3125]
['FSS', 1.183551, -17014805504.0, 19.40625]
['FSS', 1.183551, -17014805504.0, 19.53125]
['FSS', 1.183551, -2.425698, 19.5625]
['FSS', 1.183551, -17014805504.0, 19.59375]
['FSS', 1.183551, -17014805504.0, 19.71875]
['FSS', 1.183551, -17014805504.0, 19.71875]
['FSS', 1.183551, -17014805504.0, 19.78125]
['FSS', 1.183551, -17014805504.0, 19.84375]
['FSS', 1.183551, -17014805504.0, 19.9375]
['FSS', 1.183551, -17014805504.0, 19.9375]
['FSS', 1.183551, -17014805504.0, 19.9375]
['FSS', 1.183551, -17014805504.0, 20.0]
['FSS', 1.217617, -3598143488.0, 20.0]
['FSS', 1.183551, -2.425698, 20.0]
['FSS', 1.217617, -3598143488.0, 20.03125]
['FSS', 1.183551, -17014805504.0, 20.0]
['FSS', 1.183551, -17014805504.0, 20.03125]
['FSS', 1.217617, -3598143488.0, 20.0]
['FSS', 1.183551, -17014805504.0, 20.03125]
['FSS', 1.183551, -17014805504.0, 20.03125]
['FSS', 1.183551, -17014805504.0, 20.03125]
['FSS', 1.217617, -3598143488.0, 20.03125]
['FSS', 1.183551, -17014805504.0, 20.03125]
['FSS', 1.183551, -17014805504.0, 20.03125]
['FSS', 1.217617, -3598143488.0, 20.03125]
['FSS', 1.183551, -17014805504.0, 20.0625]
['FSS', 1.183551, -17014805504.0, 20.125]
