cst
[[10.306899184388689, 10.04681127492367, 10.195817155980354, 10.299265959511485], 
[20.355982556312448, 20.091345440054496, 20.272254915758403, 20.37774647547684], 
[30.339992054611162, 30.05918743970017, 30.25948329139339, 30.383908973363674], 
[40.275755911022266, 40.03136702615648, 40.165256332838375, 40.29492142524271]]

csv
[[0.014230932961635474, 0.014625049913712997, 0.014625000000000003, 0.014248352847471132], 
[0.014438063692098097, 0.014813254768392363, 0.01481297865576748, 0.014438000000000005], 
[0.01466377767367153, 0.015023352161691879, 0.015000000000000008, 0.014670446125016732], 
[0.014999914563106802, 0.015368912621359225, 0.015190477669902917, 0.014999316504854376]]

img
[[-386.383903618509, -480.686851626221, -123.09999816675236], 
[-377.91480676054, -463.65393807532075, -137.5065750406599], 
[-367.27452581358676, -454.8179474874646, -155.59323063890014], 
[-353.0962134728249, -446.36813104403865, -172.76378530805587]]

emg
[[218.3541168191945, 432.14231396555266, 121.75200222896315], 
[219.59931323341075, 433.3423288598121, 119.94582355661043], 
[220.72639238293706, 432.05302475804996, 119.77323691799579], 
[221.78119314903756, 431.07522142914763, 118.9696302637947]]

gro
[[0.47198543599803827, 0.2152906635605689, 0.015996886545692333, 9.580738528036619], 
[0.1352653396226415, 0.03939648257337526, -0.021013358228511532, 19.61881527057128], 
[-0.1521927969617295, -0.09347653345018989, -0.0646553514460999, 29.517140720420684], 
[-0.3424984121010638, -0.23718790691489364, -0.09530507938829788, 39.452098653723404]]
