['FSS', 1.217617, -3598143488.0, 26.25]
['FSS', 1.183551, -17014805504.0, 27.96875]
['FSS', 1.217617, -3598143488.0, 36.59375]
['FSS', 1.183551, -2.425698, 37.5625]
['FSS', 1.217617, -3598143488.0, 37.96875]
['FSS', 1.217617, -3598143488.0, 38.03125]
['FSS', 1.217617, -3598143488.0, 38.21875]
['FSS', 1.217617, -3598143488.0, 38.28125]
['FSS', 1.217617, -3598143488.0, 38.40625]
['FSS', 1.183551, -17014805504.0, 38.5625]
['FSS', 1.183551, -17014805504.0, 38.8125]
['FSS', 1.217617, -3598143488.0, 38.8125]
['FSS', -2342540.5, 2.265535, 38.9375]
['FSS', -2342540.5, 2.265535, 39.03125]
['FSS', 1.217617, -3598143488.0, 39.03125]
['FSS', 1.217617, -3598143488.0, 39.03125]
['FSS', 1.217617, -3598143488.0, 39.09375]
['FSS', -921124864000.0, -921124864000.0, 39.125]
['FSS', 1.183551, -17014805504.0, 39.25]
['FSS', -2342540.5, 2.265535, 39.25]
['FSS', 1.217617, -3598143488.0, 39.25]
['FSS', -921124864000.0, -921124864000.0, 39.3125]
['FSS', 1.217617, -3598143488.0, 39.28125]
['FSS', 1.217617, -3598143488.0, 39.3125]
['FSS', 1.217617, -3598143488.0, 39.28125]
['FSS', 1.217617, -3598143488.0, 39.28125]
['FSS', -2342540.5, 2.265535, 39.25]
['FSS', 1.183551, -17014805504.0, 39.25]
['FSS', 1.085167, -2153155584.0, 39.15625]
['FSS', 1.217617, -3598143488.0, 39.0]
['FSS', 1.183551, -17014805504.0, 39.0]
['FSS', 1.183551, -17014805504.0, 38.90625]
['FSS', 1.085167, -2153155584.0, 38.9375]
['FSS', 1.085167, -2153155584.0, 38.9375]
['FSS', 1.183551, -17014805504.0, 38.96875]
['FSS', 1.183551, -17014805504.0, 39.03125]
['FSS', 1.183551, -2.425698, 39.0625]
['FSS', 1.217617, -3598143488.0, 39.09375]
['FSS', 1.217617, -3598143488.0, 39.1875]
['FSS', -2342540.5, 2.273053, 39.21875]
['FSS', -921124864000.0, -921124864000.0, 39.21875]
['FSS', 1.217617, -3598143488.0, 39.25]
['FSS', 1.085167, -2153155584.0, 39.3125]
['FSS', 1.217617, -3598143488.0, 39.34375]
['FSS', 1.217617, -3598143488.0, 39.375]
['FSS', 1.217617, -3598143488.0, 39.40625]
['FSS', 1.217617, -3598143488.0, 39.375]
['FSS', 1.183551, -17014805504.0, 39.40625]
['FSS', 1.217617, -3598143488.0, 39.40625]
['FSS', 1.183551, -17014805504.0, 39.40625]
['FSS', 1.183551, -17014805504.0, 39.53125]
['FSS', 1.217617, -3598143488.0, 39.5625]
['FSS', -921124864000.0, -921124864000.0, 39.53125]
['FSS', 1.217617, -3598143488.0, 39.59375]
['FSS', 1.217617, -3598143488.0, 39.59375]
['FSS', -2342540.75, 2.273053, 39.625]
['FSS', 1.217617, -3598143488.0, 39.625]
['FSS', 1.217617, -3598143488.0, 39.65625]
['FSS', 1.217617, -3598143488.0, 39.65625]
['FSS', 1.217617, -3598143488.0, 39.6875]
['FSS', 1.217617, -3598143488.0, 39.65625]
['FSS', 1.217617, -3598143488.0, 39.65625]
['FSS', 1.217617, -3598143488.0, 39.6875]
['FSS', 1.152139, -3256689664.0, 39.6875]
['FSS', -921124864000.0, -921124864000.0, 39.6875]
['FSS', 1.183551, -17014805504.0, 39.6875]
['FSS', 1.217617, -3598143488.0, 39.6875]
['FSS', 1.085167, -2153155584.0, 39.6875]
['FSS', 1.217617, -3598143488.0, 39.6875]
['FSS', -2342540.5, 2.265535, 39.71875]
['FSS', 1.217617, -3598143488.0, 39.6875]
['FSS', -921124864000.0, -921124864000.0, 39.71875]
['FSS', 1.217617, -3598143488.0, 39.71875]
['FSS', 1.217617, -3598143488.0, 39.71875]
['FSS', -2342540.75, 2.273053, 39.71875]
['FSS', 1.183551, -17014805504.0, 39.71875]
['FSS', 1.085167, -2153155584.0, 39.71875]
['FSS', 1.217617, -3598143488.0, 39.75]
['FSS', 1.217617, -3598143488.0, 39.75]
['FSS', 1.217617, -3598143488.0, 39.78125]
['FSS', 1.217617, -3598143488.0, 39.75]
['FSS', 1.217617, -3598143488.0, 39.75]
['FSS', 1.217617, -3598143488.0, 39.75]
['FSS', 1.217617, -3598143488.0, 39.75]
['FSS', -2342540.5, 2.273053, 39.78125]
['FSS', -2342540.5, 2.273053, 39.78125]
['FSS', -2342540.5, 2.265535, 39.8125]
['FSS', 1.217617, -3598143488.0, 39.78125]
['FSS', 1.085167, -2153155584.0, 39.8125]
['FSS', 1.217617, -3598143488.0, 39.78125]
['FSS', 1.217617, -3598143488.0, 39.8125]
['FSS', -2342540.5, 2.265535, 39.78125]
['FSS', 1.217617, -3598143488.0, 39.8125]
['FSS', 1.217617, -3598143488.0, 39.8125]
['FSS', 1.217617, -3598143488.0, 39.8125]
['FSS', 1.085167, -2153155584.0, 39.84375]
['FSS', -2342540.5, 2.273053, 39.84375]
['FSS', 1.183551, -17014805504.0, 39.84375]
['FSS', -767342018560.0, -767342018560.0, 39.84375]
['FSS', 1.085167, -2153155584.0, 39.84375]
['FSS', -2342540.75, 2.273053, 39.875]
['FSS', -767342018560.0, -767342018560.0, 39.875]
['FSS', -2342540.5, 2.265535, 39.875]
['FSS', 1.217617, -3598143488.0, 39.875]
['FSS', 1.152139, -3256689664.0, 39.875]
['FSS', 1.217617, -3598143488.0, 39.875]
['FSS', 1.217617, -3598143488.0, 39.875]
['FSS', 1.217617, -3598143488.0, 39.875]
['FSS', -2342540.5, 2.273053, 39.875]
['FSS', 1.183551, -17014805504.0, 39.875]
['FSS', -2342540.5, 2.265535, 39.875]
['FSS', 1.152139, -3256689664.0, 39.875]
['FSS', 1.217617, -3598143488.0, 39.875]
['FSS', 1.152139, -3256689664.0, 39.84375]
['FSS', 1.217617, -3598143488.0, 39.875]
['FSS', -2342540.5, 2.265535, 39.875]
['FSS', 1.183551, -17014805504.0, 39.875]
['FSS', 1.183551, -17014805504.0, 39.84375]
['FSS', 1.183551, -2.425698, 39.84375]
['FSS', -921124864000.0, -921124864000.0, 39.875]
['FSS', 1.085167, -2153155584.0, 39.875]
['FSS', 1.183551, -17014805504.0, 39.875]
['FSS', 1.217617, -3598143488.0, 39.875]
['FSS', 1.085167, -2153155584.0, 39.875]
['FSS', -2342540.5, 2.273053, 39.84375]
['FSS', 1.183551, -17014805504.0, 39.875]
['FSS', 1.217617, -3598143488.0, 39.875]
['FSS', -2342540.5, 2.273053, 39.90625]
['FSS', -2342540.5, 2.262718, 40.21875]
['FSS', 1.217617, -3598143488.0, 40.59375]
['FSS', 1.217617, -3598143488.0, 40.78125]
['FSS', -2342540.5, 2.265535, 41.1875]
['FSS', 1.217617, -3598143488.0, 41.21875]
['FSS', 1.217617, -3598143488.0, 41.28125]
['FSS', -2342540.5, 2.265535, 41.53125]
['FSS', 1.183551, -17014805504.0, 42.0625]
['FSS', 1.217617, -3598143488.0, 44.125]
['FSS', 1.183551, -17014805504.0, 45.15625]
['FSS', 1.183551, -17014805504.0, 49.09375]
['FSS', 1.183551, -17014805504.0, 52.59375]
['FSS', 1.183551, -17014805504.0, 55.25]
['FSS', 1.183551, -17014805504.0, 56.75]
['FSS', 1.085167, -2153155584.0, 56.78125]
['FSS', 1.217617, -3598143488.0, 56.90625]
['FSS', 1.217617, -3598143488.0, 57.1875]
['FSS', 1.217617, -3598143488.0, 57.1875]
['FSS', 1.085167, -2153155584.0, 57.25]
['FSS', -921124864000.0, -921124864000.0, 57.3125]
['FSS', 1.183551, -17014805504.0, 57.34375]
['FSS', 1.217617, -3598143488.0, 57.34375]
['FSS', 1.217617, -3598143488.0, 57.34375]
['FSS', 1.183551, -2.425698, 57.4375]
['FSS', 1.217617, -3598143488.0, 57.5625]
['FSS', 1.217617, -3598143488.0, 57.625]
['FSS', 1.217617, -3598143488.0, 57.78125]
['FSS', 1.183551, -17014805504.0, 57.8125]
['FSS', 1.217617, -3598143488.0, 57.90625]
['FSS', 1.217617, -3598143488.0, 57.9375]
['FSS', 1.217617, -3598143488.0, 58.0]
['FSS', 1.217617, -3598143488.0, 58.09375]
['FSS', 1.183551, -17014805504.0, 58.1875]
['FSS', 1.217617, -3598143488.0, 58.25]
['FSS', 1.217617, -3598143488.0, 58.25]
['FSS', 1.217617, -3598143488.0, 58.28125]
['FSS', 1.183551, -17014805504.0, 58.25]
['FSS', -374418.46875, 3.463343, 58.28125]
['FSS', 1.085167, -2153155584.0, 58.3125]
['FSS', 1.217617, -3598143488.0, 58.3125]
['FSS', 1.183551, -17014805504.0, 58.375]
['FSS', 1.217617, -3598143488.0, 58.375]
['FSS', 1.183551, -17014805504.0, 58.375]
['FSS', 1.085167, -2153155584.0, 58.40625]
['FSS', -2342540.5, 2.265535, 58.40625]
['FSS', 1.183551, -17014805504.0, 58.4375]
['FSS', 1.217617, -3598143488.0, 58.5]
['FSS', 1.217617, -3598143488.0, 58.5]
['FSS', 1.217617, -3598143488.0, 58.5625]
['FSS', 1.217617, -3598143488.0, 58.5625]
['FSS', 1.183551, -17014805504.0, 58.59375]
['FSS', -921124864000.0, -921124864000.0, 58.625]
['FSS', 1.217617, -3598143488.0, 58.6875]
['FSS', 1.217617, -3598143488.0, 58.6875]
['FSS', 1.217617, -3598143488.0, 58.78125]
['FSS', 1.183551, -17014805504.0, 58.8125]
['FSS', 1.183551, -17014805504.0, 58.84375]
['FSS', 1.085167, -2153155584.0, 58.8125]
['FSS', 1.217617, -3598143488.0, 58.84375]
['FSS', 1.183551, -17014805504.0, 58.84375]
['FSS', 1.217617, -3598143488.0, 58.84375]
['FSS', 1.183551, -17014805504.0, 58.90625]
['FSS', 1.217617, -3598143488.0, 58.90625]
['FSS', 1.217617, -3598143488.0, 58.9375]
['FSS', 1.085167, -2153155584.0, 58.9375]
['FSS', 1.085167, -2153155584.0, 58.96875]
['FSS', 1.217617, -3598143488.0, 59.0]
['FSS', 1.217617, -3598143488.0, 59.03125]
['FSS', 1.217617, -3598143488.0, 59.03125]
['FSS', 1.217617, -3598143488.0, 59.0625]
['FSS', 1.183551, -17014805504.0, 59.09375]
['FSS', 1.183551, -17014805504.0, 59.125]
['FSS', 1.183551, -17014805504.0, 59.125]
['FSS', 1.085167, -2153155584.0, 59.125]
['FSS', 1.217617, -3598143488.0, 59.25]
['FSS', 1.183551, -17014805504.0, 59.28125]
['FSS', 1.217617, -3598143488.0, 59.3125]
['FSS', 1.183551, -17014805504.0, 59.3125]
['FSS', 1.183551, -17014805504.0, 59.34375]
['FSS', 1.217617, -3598143488.0, 59.34375]
['FSS', 1.183551, -17014805504.0, 59.34375]
['FSS', -7.956682553254e-17, -3598143744.0, 59.375]
['FSS', 1.183551, -17014805504.0, 59.375]
['FSS', 1.217617, -3598143488.0, 59.375]
['FSS', 1.217617, -3598143488.0, 59.375]
['FSS', 1.217617, -3598143488.0, 59.40625]
['FSS', 1.217617, -3598143488.0, 59.40625]
['FSS', 1.217617, -3598143488.0, 59.4375]
['FSS', 1.217617, -3598143488.0, 59.4375]
['FSS', 1.183551, -17014805504.0, 59.4375]
['FSS', 1.085167, -2153155584.0, 59.4375]
['FSS', 1.217617, -3598143488.0, 59.4375]
['FSS', 1.085167, -2153155584.0, 59.46875]
['FSS', 1.183551, -17014805504.0, 59.4375]
['FSS', 1.217617, -3598143488.0, 59.4375]
['FSS', 1.085167, -2153155584.0, 59.46875]
['FSS', 1.183551, -17014805504.0, 59.46875]
['FSS', 1.183551, -17014805504.0, 59.5]
['FSS', 1.183551, -17014805504.0, 59.5]
['FSS', 1.183551, -17014805504.0, 59.5]
['FSS', 1.183551, -17014805504.0, 59.5]
['FSS', 1.217617, -3598143488.0, 59.53125]
['FSS', 1.085167, -2153155584.0, 59.5]
['FSS', 1.217617, -3598143488.0, 59.53125]
['FSS', 1.085167, -2153155584.0, 59.5]
['FSS', 1.085167, -2153155584.0, 59.5625]
['FSS', 1.085167, -2153155584.0, 59.53125]
['FSS', 1.217617, -3598143488.0, 59.5625]
['FSS', 1.217617, -3598143488.0, 59.5625]
['FSS', 1.217617, -3598143488.0, 59.5625]
['FSS', 1.085167, -2153155584.0, 59.5625]
['FSS', 1.217617, -3598143488.0, 59.5625]
['FSS', -767342018560.0, -767342018560.0, 59.59375]
['FSS', 1.217617, -3598143488.0, 59.59375]
['FSS', 1.217617, -3598143488.0, 59.59375]
['FSS', 1.085167, -2153155584.0, 59.59375]
['FSS', 1.217617, -3598143488.0, 59.5625]
['FSS', 1.183551, -2.425698, 59.59375]
['FSS', 1.217617, -3598143488.0, 59.625]
['FSS', 1.183551, -17014805504.0, 59.625]
['FSS', 1.217617, -3598143488.0, 59.625]
['FSS', 1.183551, -17014805504.0, 59.65625]
['FSS', 1.217617, -3598143488.0, 59.625]
['FSS', 1.217617, -3598143488.0, 59.625]
['FSS', -921124864000.0, -921124864000.0, 59.625]
['FSS', 1.217617, -3598143488.0, 59.59375]
['FSS', 1.217617, -3598143488.0, 59.625]
['FSS', -767342018560.0, -767342018560.0, 59.625]
['FSS', 1.217617, -3598143488.0, 59.65625]
['FSS', 1.085167, -2153155584.0, 59.65625]
['FSS', 1.183551, -17014805504.0, 59.65625]
['FSS', 1.217617, -3598143488.0, 59.71875]
['FSS', 1.183551, -17014805504.0, 62.1875]
['FSS', 1.183551, -17014805504.0, 68.34375]
['FSS', 1.183551, -17014805504.0, 68.5]
['FSS', 1.183551, -17014805504.0, 74.8125]
['FSS', 1.183551, -17014805504.0, 75.84375]
['FSS', 1.183551, -17014805504.0, 77.0625]
['FSS', 1.217617, -3598143488.0, 77.21875]
['FSS', 1.217617, -3598143488.0, 77.28125]
['FSS', 1.183551, -17014805504.0, 77.625]
['FSS', 1.183551, -17014805504.0, 77.71875]
['FSS', 1.183551, -17014805504.0, 77.78125]
['FSS', 1.217617, -3598143488.0, 78.3125]
['FSS', 1.217617, -3598143488.0, 78.40625]
['FSS', 1.085167, -2153155584.0, 78.4375]
['FSS', 1.217617, -3598143488.0, 78.53125]
['FSS', 1.217617, -3598143488.0, 78.53125]
['FSS', -374418.46875, 3.463343, 78.65625]
['FSS', 1.183551, -17014805504.0, 78.75]
['FSS', 1.183551, -17014805504.0, 78.78125]
['FSS', 1.183551, -17014805504.0, 78.75]
['FSS', 1.217617, -3598143488.0, 78.8125]
['FSS', 1.217617, -3598143488.0, 78.8125]
['FSS', 1.217617, -3598143488.0, 78.90625]
['FSS', -921124864000.0, -921124864000.0, 78.9375]
['FSS', 1.217617, -3598143488.0, 79.03125]
['FSS', 1.217617, -3598143488.0, 79.0]
['FSS', 1.217617, -3598143488.0, 79.03125]
['FSS', 1.183551, -17014805504.0, 79.03125]
['FSS', 1.217617, -3598143488.0, 79.0625]
['FSS', 1.217617, -3598143488.0, 79.09375]
['FSS', 1.217617, -3598143488.0, 79.09375]
['FSS', -921124864000.0, -921124864000.0, 79.125]
['FSS', 1.217617, -3598143488.0, 79.125]
['FSS', 1.085167, -2153155584.0, 79.15625]
['FSS', 1.183551, -17014805504.0, 79.15625]
['FSS', 1.085167, -2153155584.0, 79.1875]
['FSS', 1.217617, -3598143488.0, 79.1875]
['FSS', 1.183551, -17014805504.0, 79.25]
['FSS', -7.956682553254e-17, -3598143744.0, 79.34375]
['FSS', 1.217617, -3598143488.0, 79.34375]
['FSS', -2342540.5, 2.273053, 79.34375]
['FSS', 1.085167, -2153155584.0, 79.34375]
['FSS', 1.183551, -17014805504.0, 79.34375]
['FSS', 1.085167, -2153155584.0, 79.34375]
['FSS', -2342540.5, 2.265535, 79.34375]
['FSS', 1.217617, -3598143488.0, 79.34375]
['FSS', -2342540.5, 2.273053, 79.34375]
['FSS', 1.183551, -17014805504.0, 79.34375]
['FSS', 1.217617, -3598143488.0, 79.34375]
['FSS', 1.217617, -3598143488.0, 79.34375]
['FSS', 1.183551, -17014805504.0, 79.375]
['FSS', 1.217617, -3598143488.0, 79.375]
['FSS', 1.217617, -3598143488.0, 79.375]
['FSS', 1.217617, -3598143488.0, 79.40625]
['FSS', 1.217617, -3598143488.0, 79.40625]
['FSS', 1.217617, -3598143488.0, 79.4375]
['FSS', 1.085167, -2153155584.0, 79.40625]
['FSS', 1.085167, -2153155584.0, 79.40625]
['FSS', 1.085167, -2153155584.0, 79.4375]
['FSS', 1.085167, -2153155584.0, 79.40625]
['FSS', 1.183551, -17014805504.0, 79.4375]
['FSS', 1.217617, -3598143488.0, 79.4375]
['FSS', 1.085167, -2153155584.0, 79.4375]
['FSS', 1.217617, -3598143488.0, 79.4375]
['FSS', 1.217617, -3598143488.0, 79.4375]
['FSS', 1.085167, -2153155584.0, 79.46875]
['FSS', 1.183551, -17014805504.0, 79.4375]
['FSS', -2342540.5, 2.273053, 79.4375]
['FSS', 1.217617, -3598143488.0, 79.46875]
['FSS', -921124864000.0, -921124864000.0, 79.46875]
['FSS', 1.183551, -17014805504.0, 79.46875]
['FSS', 1.085167, -2153155584.0, 79.5]
['FSS', -921124864000.0, -921124864000.0, 79.5]
['FSS', -2342540.5, 2.273053, 79.5]
['FSS', 1.183551, -17014805504.0, 79.5]
['FSS', 1.217617, -3598143488.0, 79.5]
['FSS', 1.085167, -2153155584.0, 79.5]
['FSS', 1.085167, -2153155584.0, 79.53125]
['FSS', 1.183551, -2.425698, 79.53125]
['FSS', 1.183551, -17014805504.0, 79.53125]
['FSS', 1.217617, -3598143488.0, 79.53125]
['FSS', -2342540.75, 2.265535, 79.53125]
['FSS', 1.085167, -2153155584.0, 79.53125]
['FSS', 1.183551, -2.425698, 79.53125]
['FSS', 1.183551, -17014805504.0, 79.53125]
['FSS', -767342018560.0, -767342018560.0, 79.5625]
['FSS', 1.217617, -3598143488.0, 79.53125]
['FSS', 1.183551, -17014805504.0, 79.5625]
['FSS', 1.085167, -2153155584.0, 79.53125]
['FSS', 1.183551, -17014805504.0, 79.5625]
['FSS', 1.183551, -17014805504.0, 79.5625]
['FSS', 1.217617, -3598143488.0, 79.5625]
['FSS', 1.085167, -2153155584.0, 79.53125]
['FSS', 1.217617, -3598143488.0, 79.5625]
['FSS', 1.183551, -17014805504.0, 79.53125]
['FSS', 1.217617, -3598143488.0, 79.5625]
['FSS', 1.217617, -3598143488.0, 79.5625]
['FSS', 1.217617, -3598143488.0, 79.5625]
['FSS', 1.085167, -2153155584.0, 79.5625]
['FSS', 1.217617, -3598143488.0, 79.59375]
['FSS', 1.217617, -3598143488.0, 79.59375]
['FSS', 1.085167, -2153155584.0, 79.59375]
['FSS', 1.217617, -3598143488.0, 79.59375]
['FSS', 1.085167, -2153155584.0, 79.59375]
['FSS', 1.085167, -2153155584.0, 79.59375]
['FSS', 1.217617, -3598143488.0, 79.59375]
['FSS', 1.217617, -3598143488.0, 79.59375]
['FSS', -2342540.5, 2.269456, 79.59375]
['FSS', 1.217617, -3598143488.0, 79.59375]
['FSS', 1.183551, -17014805504.0, 79.59375]
['FSS', -2342540.5, 2.265535, 79.59375]
['FSS', 1.085167, -2153155584.0, 79.59375]
['FSS', 1.183551, -17014805504.0, 79.5625]
['FSS', 1.217617, -3598143488.0, 79.59375]
['FSS', 1.085167, -2153155584.0, 79.5625]
['FSS', 1.183551, -17014805504.0, 79.59375]
['FSS', 1.085167, -2153155584.0, 79.59375]
['FSS', 1.085167, -2153155584.0, 79.59375]
['FSS', 1.217617, -3598143488.0, 79.59375]
['FSS', -921124864000.0, -921124864000.0, 79.59375]
['FSS', 1.217617, -3598143488.0, 79.59375]
['FSS', -921124864000.0, -921124864000.0, 79.625]
['FSS', 1.152139, -3256689664.0, 79.59375]
['FSS', 1.183551, -17014805504.0, 79.59375]
['FSS', 1.183551, -17014805504.0, 79.59375]
['FSS', 1.183551, -17014805504.0, 79.625]
['FSS', 1.183551, -17014805504.0, 79.625]
['FSS', 1.183551, -17014805504.0, 79.59375]
['FSS', 1.183551, -17014805504.0, 79.59375]
['FSS', -2342540.75, 2.273053, 79.625]
['FSS', 1.217617, -3598143488.0, 79.59375]
['FSS', 1.217617, -3598143488.0, 79.59375]
['FSS', 1.217617, -3598143488.0, 79.59375]
['FSS', 1.085167, -2153155584.0, 79.59375]
['FSS', 1.183551, -17014805504.0, 79.625]
['FSS', 1.217617, -3598143488.0, 79.625]
['FSS', 1.085167, -2153155584.0, 79.625]
['FSS', 1.085167, -2153155584.0, 79.625]
['FSS', 1.085167, -2153155584.0, 79.625]
['FSS', 1.085167, -2153155584.0, 79.59375]
['FSS', 1.217617, -3598143488.0, 79.625]
['FSS', 1.217617, -3598143488.0, 79.59375]
['FSS', 1.217617, -3598143488.0, 79.59375]
['FSS', -2342540.5, 2.273053, 79.625]
['FSS', 1.183551, -17014805504.0, 79.59375]
['FSS', 1.183551, -17014805504.0, 79.625]
['FSS', 1.183551, -17014805504.0, 79.625]
['FSS', 1.217617, -3598143488.0, 79.625]
['FSS', -767342018560.0, -767342018560.0, 79.625]
['FSS', 1.183551, -17014805504.0, 79.625]
['FSS', 1.217617, -3598143488.0, 79.625]
['FSS', 1.085167, -2153155584.0, 79.65625]
['FSS', 1.217617, -3598143488.0, 79.625]
['FSS', 1.183551, -17014805504.0, 79.65625]
['FSS', 1.183551, -17014805504.0, 79.625]
['FSS', 1.085167, -2153155584.0, 79.625]
['FSS', 1.217617, -3598143488.0, 79.65625]
['FSS', 1.183551, -17014805504.0, 79.625]
['FSS', 1.085167, -2153155584.0, 79.65625]
['FSS', 1.183551, -17014805504.0, 79.625]
['FSS', -2342540.75, 2.273053, 79.625]
['FSS', 1.152139, -3256689664.0, 79.625]
['FSS', 1.183551, -17014805504.0, 79.625]
['FSS', 1.183551, -17014805504.0, 79.625]
['FSS', 1.085167, -2153155584.0, 79.625]
['FSS', 1.217617, -3598143488.0, 79.625]
['FSS', 1.217617, -3598143488.0, 79.625]
['FSS', 1.183551, -17014805504.0, 79.625]
['FSS', -374418.46875, 3.463343, 79.625]
['FSS', 1.217617, -3598143488.0, 79.65625]
['FSS', 1.217617, -3598143488.0, 79.625]
['FSS', 1.217617, -3598143488.0, 79.65625]
['FSS', 1.085167, -2153155584.0, 79.65625]
['FSS', -7.956682553254e-17, -3598143744.0, 79.625]
['FSS', 1.217617, -3598143488.0, 79.65625]
['FSS', 1.183551, -2.425698, 79.625]
['FSS', 1.217617, -3598143488.0, 79.625]
['FSS', 1.085167, -2153155584.0, 79.625]
['FSS', 1.217617, -3598143488.0, 79.625]
['FSS', -2342540.5, 2.265535, 79.625]
['FSS', -5.948642, 2.01317, 79.625]
['FSS', 1.085167, -2153155584.0, 79.625]
['FSS', 1.183551, -17014805504.0, 79.625]
['FSS', -2342540.5, 2.265535, 79.625]
['FSS', 1.217617, -3598143488.0, 79.625]
['FSS', -767342018560.0, -767342018560.0, 79.625]
['FSS', 1.183551, -2.425698, 79.65625]
['FSS', 1.17505, -3598143488.0, 79.625]
['FSS', -921124864000.0, -921124864000.0, 79.625]
['FSS', 1.085167, -2153155584.0, 79.625]
['FSS', 1.183551, -17014805504.0, 79.625]
['FSS', 1.217617, -3598143488.0, 79.625]
['FSS', 1.091771, -10737120256.0, 79.65625]
['FSS', 1.183551, -17014805504.0, 79.65625]
['FSS', 1.217617, -3598143488.0, 79.625]
['FSS', 1.183551, -17014805504.0, 79.65625]
['FSS', 1.217617, -3598143488.0, 79.625]
['FSS', 1.183551, -17014805504.0, 79.65625]
['FSS', 1.217617, -3598143488.0, 79.65625]
['FSS', 1.217617, -3598143488.0, 79.65625]
['FSS', 1.085167, -2153155584.0, 79.65625]
['FSS', 1.217617, -3598143488.0, 79.65625]
['FSS', 1.183551, -2.425698, 79.65625]
['FSS', 1.217617, -3598143488.0, 79.65625]
['FSS', 1.183551, -17014805504.0, 79.65625]
['FSS', 1.183551, -17014805504.0, 79.65625]
['FSS', 1.217617, -3598143488.0, 79.65625]
['FSS', 1.183551, -17014805504.0, 79.65625]
['FSS', -2342540.5, 2.265535, 79.65625]
['FSS', 1.217617, -3598143488.0, 79.65625]
['FSS', 1.085167, -2153155584.0, 79.65625]
['FSS', 1.217617, -3598143488.0, 79.65625]
['FSS', 1.085167, -2153155584.0, 79.625]
['FSS', 1.217617, -3598143488.0, 79.625]
['FSS', 1.217617, -3598143488.0, 79.625]
['FSS', -7.956682553254e-17, -3598143744.0, 79.65625]
['FSS', 1.217617, -3598143488.0, 79.65625]
['FSS', 1.217617, -3598143488.0, 79.65625]
['FSS', -2342540.75, 2.265535, 79.625]
['FSS', 1.183551, -2.425698, 79.625]
['FSS', 1.183551, -17014805504.0, 79.65625]
['FSS', 1.217617, -3598143488.0, 79.65625]
['FSS', 1.217617, -3598143488.0, 79.65625]
['FSS', 1.183551, -17014805504.0, 79.65625]
['FSS', -7.956682553254e-17, -3598143744.0, 79.625]
['FSS', -6.04002323452e-17, -2731398656.0, 79.625]
['FSS', 1.217617, -3598143488.0, 79.625]
['FSS', 1.085167, -2153155584.0, 79.625]
['FSS', 1.217617, -3598143488.0, 79.65625]
['FSS', 1.217617, -3598143488.0, 79.65625]
['FSS', 1.217617, -3598143488.0, 79.65625]
['FSS', -0.0001, -149922640.0, 79.65625]
['FSS', 1.183551, -17014805504.0, 79.65625]
['FSS', 1.085167, -2153155584.0, 79.65625]
['FSS', 1.217617, -3598143488.0, 79.65625]
['FSS', 1.217617, -3598143488.0, 79.65625]
['FSS', 1.183551, -17014805504.0, 79.6875]
['FSS', 1.217617, -3598143488.0, 79.6875]
['FSS', 1.183551, -17014805504.0, 79.65625]
['FSS', 1.183551, -17014805504.0, 79.6875]
['FSS', 1.183551, -17014805504.0, 79.6875]
['FSS', -2342540.5, 2.265535, 79.65625]
['FSS', 1.085167, -2153155584.0, 79.6875]
['FSS', 1.183551, -17014805504.0, 79.65625]
['FSS', 1.085167, -2153155584.0, 79.65625]
['FSS', -2342540.5, 2.273053, 79.65625]
['FSS', 1.217617, -3598143488.0, 79.65625]
['FSS', 1.085167, -2153155584.0, 79.65625]
['FSS', -767342018560.0, -767342018560.0, 79.65625]
['FSS', 1.152139, -3256689664.0, 79.6875]
['FSS', 1.217617, -3598143488.0, 79.65625]
['FSS', 1.217617, -3598143488.0, 79.65625]
['FSS', 1.183551, -17014805504.0, 79.65625]
['FSS', 1.183551, -17014805504.0, 79.65625]
['FSS', -2342540.5, 2.273053, 79.65625]
['FSS', 1.217617, -3598143488.0, 79.6875]
['FSS', 1.183551, -2.425698, 79.65625]
['FSS', 1.085167, -2153155584.0, 79.65625]
['FSS', 1.217617, -3598143488.0, 79.65625]
['FSS', -2342540.5, 2.273053, 79.6875]
['FSS', -921124864000.0, -921124864000.0, 79.65625]
['FSS', 1.183551, -17014805504.0, 79.65625]
['FSS', 1.085167, -2153155584.0, 79.65625]
['FSS', 1.217617, -3598143488.0, 79.65625]
['FSS', -2342540.5, 2.265535, 79.65625]
['FSS', 1.183551, -17014805504.0, 79.65625]
['FSS', 1.217617, -3598143488.0, 79.65625]
['FSS', 1.085167, -2153155584.0, 79.65625]
['FSS', 1.085167, -2153155584.0, 79.6875]
['FSS', 1.217617, -3598143488.0, 79.6875]
['FSS', 1.217617, -3598143488.0, 79.6875]
['FSS', 1.217617, -3598143488.0, 79.6875]
['FSS', 1.183551, -17014805504.0, 79.65625]
['FSS', 1.183551, -17014805504.0, 79.65625]
['FSS', 1.217617, -3598143488.0, 79.65625]
['FSS', 1.217617, -3598143488.0, 79.6875]
['FSS', 1.217617, -3598143488.0, 79.6875]
['FSS', 1.183551, -17014805504.0, 79.65625]
['FSS', 1.085167, -2153155584.0, 79.65625]
['FSS', 1.217617, -3598143488.0, 79.65625]
['FSS', 1.085167, -2153155584.0, 79.65625]
['FSS', 1.217617, -3598143488.0, 79.65625]
['FSS', 1.217617, -3598143488.0, 79.65625]
['FSS', 1.183551, -17014805504.0, 79.65625]
['FSS', 1.217617, -3598143488.0, 79.65625]
['FSS', 1.217617, -3598143488.0, 79.65625]
['FSS', 1.217617, -3598143488.0, 79.65625]
['FSS', 1.183551, -17014805504.0, 79.65625]
['FSS', 1.152139, -3256689664.0, 79.65625]
['FSS', 1.085167, -2153155584.0, 79.65625]
['FSS', 1.217617, -3598143488.0, 79.65625]
['FSS', 1.183551, -17014805504.0, 79.65625]
['FSS', 1.183551, -17014805504.0, 79.65625]
['FSS', 1.183551, -17014805504.0, 79.65625]
['FSS', 1.085167, -2153155584.0, 79.65625]
['FSS', 1.217617, -3598143488.0, 79.65625]
['FSS', 1.183551, -17014805504.0, 79.6875]
['FSS', 1.217617, -3598143488.0, 79.65625]
['FSS', 1.217617, -3598143488.0, 79.65625]
['FSS', 1.183551, -17014805504.0, 79.65625]
['FSS', 1.217617, -3598143488.0, 79.65625]
['FSS', 1.183551, -17014805504.0, 79.65625]
['FSS', -921124864000.0, -921124864000.0, 79.59375]
['FSS', 1.085167, -2153155584.0, 79.5625]
['FSS', 1.183551, -17014805504.0, 79.1875]
['FSS', 1.183551, -17014805504.0, 78.5]
['FSS', 1.183551, -17014805504.0, 71.6875]
['FSS', 1.183551, -17014805504.0, 71.34375]
['FSS', 1.183551, -2.425698, 71.3125]
['FSS', 1.183551, -17014805504.0, 70.3125]
['FSS', 1.217617, -3598143488.0, 70.375]
['FSS', 1.183551, -17014805504.0, 70.28125]
['FSS', 1.183551, -17014805504.0, 70.28125]
['FSS', 1.183551, -17014805504.0, 69.96875]
['FSS', 1.183551, -17014805504.0, 69.78125]
['FSS', 1.183551, -17014805504.0, 69.78125]
['FSS', 1.183551, -17014805504.0, 69.78125]
['FSS', 1.183551, -17014805504.0, 69.75]
['FSS', 1.183551, -17014805504.0, 69.6875]
['FSS', 1.183551, -17014805504.0, 69.65625]
['FSS', 1.183551, -17014805504.0, 69.65625]
['FSS', 1.183551, -17014805504.0, 69.65625]
['FSS', 1.183551, -17014805504.0, 69.65625]
['FSS', 1.183551, -17014805504.0, 69.65625]
['FSS', 1.183551, -17014805504.0, 69.6875]
['FSS', 1.183551, -17014805504.0, 69.65625]
['FSS', 1.183551, -17014805504.0, 69.65625]
['FSS', 1.183551, -17014805504.0, 69.65625]
['FSS', 1.183551, -2.425698, 69.65625]
['FSS', 1.183551, -17014805504.0, 69.65625]
['FSS', 1.183551, -17014805504.0, 69.6875]
['FSS', 1.183551, -17014805504.0, 69.6875]
['FSS', 1.183551, -17014805504.0, 69.6875]
['FSS', 1.183551, -17014805504.0, 69.6875]
['FSS', 1.183551, -17014805504.0, 69.65625]
['FSS', 1.183551, -17014805504.0, 69.65625]
['FSS', 1.217617, -3598143488.0, 69.65625]
['FSS', 1.183551, -17014805504.0, 69.65625]
['FSS', 1.183551, -17014805504.0, 69.65625]
['FSS', 1.217617, -3598143488.0, 69.6875]
['FSS', 1.183551, -2.425698, 69.65625]
['FSS', 1.183551, -17014805504.0, 69.65625]
['FSS', 1.183551, -17014805504.0, 69.65625]
['FSS', 1.183551, -17014805504.0, 69.6875]
['FSS', 1.183551, -17014805504.0, 69.6875]
['FSS', 1.183551, -17014805504.0, 69.6875]
['FSS', 1.217617, -3598143488.0, 69.6875]
['FSS', 1.183551, -17014805504.0, 69.6875]
['FSS', 1.183551, -17014805504.0, 69.65625]
['FSS', 1.183551, -17014805504.0, 69.6875]
['FSS', 1.183551, -17014805504.0, 69.65625]
['FSS', -374418.46875, 3.463343, 69.6875]
['FSS', 1.183551, -2.425698, 69.6875]
['FSS', 1.183551, -17014805504.0, 69.6875]
['FSS', 1.183551, -17014805504.0, 69.65625]
['FSS', 1.183551, -17014805504.0, 69.65625]
['FSS', 1.183551, -17014805504.0, 69.6875]
['FSS', 1.183551, -17014805504.0, 69.6875]
['FSS', 1.183551, -17014805504.0, 69.6875]
['FSS', 1.183551, -17014805504.0, 69.71875]
['FSS', 1.183551, -17014805504.0, 69.6875]
['FSS', 1.183551, -17014805504.0, 69.5625]
['FSS', 1.183551, -17014805504.0, 68.6875]
['FSS', 1.183551, -17014805504.0, 66.84375]
['FSS', 1.183551, -17014805504.0, 65.59375]
['FSS', 1.183551, -17014805504.0, 65.0]
['FSS', 1.183551, -17014805504.0, 63.375]
['FSS', 1.217617, -3598143488.0, 60.28125]
['FSS', -921124864000.0, -921124864000.0, 60.21875]
['FSS', 1.217617, -3598143488.0, 60.21875]
['FSS', 1.217617, -3598143488.0, 60.03125]
['FSS', 1.183551, -17014805504.0, 60.03125]
['FSS', 1.217617, -3598143488.0, 59.84375]
['FSS', -921124864000.0, -921124864000.0, 59.875]
['FSS', 1.217617, -3598143488.0, 59.875]
['FSS', 1.183551, -17014805504.0, 59.90625]
['FSS', 1.085167, -2153155584.0, 59.96875]
['FSS', -921124864000.0, -921124864000.0, 60.0]
['FSS', 1.217617, -3598143488.0, 60.0]
['FSS', 1.085167, -2153155584.0, 60.0625]
['FSS', -767342018560.0, -767342018560.0, 60.09375]
['FSS', 1.085167, -2153155584.0, 60.125]
['FSS', -921124864000.0, -921124864000.0, 60.125]
['FSS', 1.183551, -17014805504.0, 60.15625]
['FSS', 1.217617, -3598143488.0, 60.1875]
['FSS', 1.085167, -2153155584.0, 60.1875]
['FSS', 1.183551, -17014805504.0, 60.34375]
['FSS', 1.217617, -3598143488.0, 60.40625]
['FSS', 1.085167, -2153155584.0, 60.40625]
['FSS', 1.217617, -3598143488.0, 60.40625]
['FSS', 1.217617, -3598143488.0, 60.4375]
['FSS', 1.183551, -17014805504.0, 60.375]
['FSS', 1.183551, -17014805504.0, 60.375]
['FSS', 1.217617, -3598143488.0, 60.375]
['FSS', 1.217617, -3598143488.0, 60.375]
['FSS', 1.217617, -3598143488.0, 60.3125]
['FSS', 1.085167, -2153155584.0, 60.3125]
['FSS', 1.217617, -3598143488.0, 60.28125]
['FSS', 1.217617, -3598143488.0, 60.28125]
['FSS', 1.217617, -3598143488.0, 60.28125]
['FSS', 1.217617, -3598143488.0, 60.25]
['FSS', 1.217617, -3598143488.0, 60.25]
['FSS', 1.085167, -2153155584.0, 60.25]
['FSS', 1.217617, -3598143488.0, 60.25]
['FSS', 1.183551, -17014805504.0, 60.21875]
['FSS', 1.217617, -3598143488.0, 60.21875]
['FSS', 1.085167, -2153155584.0, 60.1875]
['FSS', 1.217617, -3598143488.0, 60.1875]
['FSS', 1.217617, -3598143488.0, 60.1875]
['FSS', 1.217617, -3598143488.0, 60.1875]
['FSS', 1.217617, -3598143488.0, 60.1875]
['FSS', 1.217617, -3598143488.0, 60.1875]
['FSS', -2342540.5, 2.265535, 60.15625]
['FSS', 1.217617, -3598143488.0, 60.125]
['FSS', 1.217617, -3598143488.0, 60.09375]
['FSS', 1.085167, -2153155584.0, 60.09375]
['FSS', 1.183551, -17014805504.0, 60.09375]
['FSS', 1.217617, -3598143488.0, 60.09375]
['FSS', 1.085167, -2153155584.0, 60.0625]
['FSS', 1.217617, -3598143488.0, 60.0625]
['FSS', 1.217617, -3598143488.0, 60.03125]
['FSS', 1.183551, -17014805504.0, 60.0]
['FSS', 1.217617, -3598143488.0, 60.0]
['FSS', 1.085167, -2153155584.0, 60.0]
['FSS', 1.085167, -2153155584.0, 59.96875]
['FSS', 1.217617, -3598143488.0, 59.96875]
['FSS', 1.217617, -3598143488.0, 59.96875]
['FSS', 1.217617, -3598143488.0, 59.96875]
['FSS', 1.183551, -17014805504.0, 59.9375]
['FSS', 1.217617, -3598143488.0, 59.9375]
['FSS', 1.217617, -3598143488.0, 59.9375]
['FSS', 1.085167, -2153155584.0, 59.9375]
['FSS', 1.183551, -17014805504.0, 59.875]
['FSS', 1.085167, -2153155584.0, 59.875]
['FSS', 1.085167, -2153155584.0, 59.875]
['FSS', 1.183551, -17014805504.0, 59.84375]
['FSS', 1.183551, -17014805504.0, 59.84375]
['FSS', 1.217617, -3598143488.0, 59.84375]
['FSS', 1.183551, -17014805504.0, 59.8125]
['FSS', 1.183551, -17014805504.0, 59.8125]
['FSS', 1.217617, -3598143488.0, 59.84375]
['FSS', 1.217617, -3598143488.0, 59.84375]
['FSS', 1.183551, -17014805504.0, 59.84375]
['FSS', 1.183551, -17014805504.0, 59.84375]
['FSS', 1.217617, -3598143488.0, 59.84375]
['FSS', 1.217617, -3598143488.0, 59.84375]
['FSS', 1.217617, -3598143488.0, 59.84375]
['FSS', 1.217617, -3598143488.0, 59.84375]
['FSS', 1.217617, -3598143488.0, 59.84375]
['FSS', 1.217617, -3598143488.0, 59.84375]
['FSS', 1.217617, -3598143488.0, 59.84375]
['FSS', 1.183551, -17014805504.0, 59.8125]
['FSS', 1.217617, -3598143488.0, 59.84375]
['FSS', 1.217617, -3598143488.0, 59.8125]
['FSS', 1.183551, -17014805504.0, 59.8125]
['FSS', 1.217617, -3598143488.0, 59.84375]
['FSS', 1.183551, -17014805504.0, 59.8125]
['FSS', 1.183551, -2.425698, 59.8125]
['FSS', 1.217617, -3598143488.0, 59.8125]
['FSS', 1.217617, -3598143488.0, 59.8125]
['FSS', 1.217617, -3598143488.0, 59.8125]
['FSS', 1.217617, -3598143488.0, 59.8125]
['FSS', 1.217617, -3598143488.0, 59.8125]
['FSS', 1.217617, -3598143488.0, 59.78125]
['FSS', -374418.46875, 3.463343, 59.78125]
['FSS', 1.183551, -17014805504.0, 59.8125]
['FSS', -921124864000.0, -921124864000.0, 59.78125]
['FSS', 1.217617, -3598143488.0, 59.8125]
['FSS', 1.217617, -3598143488.0, 59.78125]
['FSS', 1.217617, -3598143488.0, 59.78125]
['FSS', 1.085167, -2153155584.0, 59.78125]
['FSS', 1.217617, -3598143488.0, 59.78125]
['FSS', 1.085167, -2153155584.0, 59.78125]
['FSS', -921124864000.0, -921124864000.0, 59.78125]
['FSS', 1.183551, -17014805504.0, 59.78125]
['FSS', -2342540.5, 2.265535, 59.78125]
['FSS', 1.183551, -17014805504.0, 59.78125]
['FSS', -767342018560.0, -767342018560.0, 59.8125]
['FSS', 1.217617, -3598143488.0, 59.78125]
['FSS', 1.217617, -3598143488.0, 59.78125]
['FSS', 1.217617, -3598143488.0, 59.8125]
['FSS', 1.217617, -3598143488.0, 59.78125]
['FSS', 1.085167, -2153155584.0, 59.78125]
['FSS', 1.183551, -17014805504.0, 59.8125]
['FSS', 1.085167, -2153155584.0, 59.78125]
['FSS', 1.217617, -3598143488.0, 59.78125]
['FSS', 1.217617, -3598143488.0, 59.78125]
['FSS', -921124864000.0, -921124864000.0, 59.78125]
['FSS', 1.217617, -3598143488.0, 59.78125]
['FSS', -7.956682553254e-17, -3598143744.0, 59.78125]
['FSS', 1.217617, -3598143488.0, 59.78125]
['FSS', 1.217617, -3598143488.0, 59.8125]
['FSS', 1.183551, -17014805504.0, 59.78125]
['FSS', -921124864000.0, -921124864000.0, 59.78125]
['FSS', 1.085167, -2153155584.0, 59.8125]
['FSS', 1.217617, -3598143488.0, 59.78125]
['FSS', 1.217617, -3598143488.0, 59.78125]
['FSS', 1.217617, -3598143488.0, 59.78125]
['FSS', 1.217617, -3598143488.0, 59.78125]
['FSS', 1.217617, -3598143488.0, 59.78125]
['FSS', -921124864000.0, -921124864000.0, 59.75]
['FSS', -921124864000.0, -921124864000.0, 59.78125]
['FSS', 1.217617, -3598143488.0, 59.75]
['FSS', 1.217617, -3598143488.0, 59.75]
['FSS', -374418.46875, 3.463343, 59.75]
['FSS', 1.217617, -3598143488.0, 59.75]
['FSS', 1.217617, -3598143488.0, 59.71875]
['FSS', 1.217617, -3598143488.0, 59.71875]
['FSS', -2342540.75, 2.273053, 59.71875]
['FSS', 1.217617, -3598143488.0, 59.71875]
['FSS', 1.183551, -17014805504.0, 59.6875]
['FSS', 1.217617, -3598143488.0, 59.6875]
['FSS', 1.217617, -3598143488.0, 59.6875]
['FSS', 1.217617, -3598143488.0, 59.6875]
['FSS', 1.217617, -3598143488.0, 59.6875]
['FSS', 1.217617, -3598143488.0, 59.6875]
['FSS', 1.217617, -3598143488.0, 59.6875]
['FSS', 1.217617, -3598143488.0, 59.71875]
['FSS', 1.217617, -3598143488.0, 59.6875]
['FSS', 1.085167, -2153155584.0, 59.6875]
['FSS', -921124864000.0, -921124864000.0, 59.6875]
['FSS', 1.085167, -2153155584.0, 59.6875]
['FSS', 1.217617, -3598143488.0, 59.6875]
['FSS', 1.217617, -3598143488.0, 59.6875]
['FSS', 1.183551, -17014805504.0, 59.6875]
['FSS', 1.217617, -3598143488.0, 59.6875]
['FSS', 1.217617, -3598143488.0, 59.71875]
['FSS', 1.217617, -3598143488.0, 59.71875]
['FSS', 1.217617, -3598143488.0, 59.6875]
['FSS', -374418.46875, 3.463343, 59.71875]
['FSS', 1.085167, -2153155584.0, 59.71875]
['FSS', 1.217617, -3598143488.0, 59.6875]
['FSS', 1.085167, -2153155584.0, 59.6875]
['FSS', -921124864000.0, -921124864000.0, 59.6875]
['FSS', 1.183551, -17014805504.0, 59.71875]
['FSS', 1.217617, -3598143488.0, 59.6875]
['FSS', 1.217617, -3598143488.0, 59.71875]
['FSS', 1.085167, -2153155584.0, 59.6875]
['FSS', 1.217617, -3598143488.0, 59.71875]
['FSS', -374418.46875, 3.463343, 59.6875]
['FSS', 1.085167, -2153155584.0, 59.6875]
['FSS', 1.217617, -3598143488.0, 59.6875]
['FSS', 1.217617, -3598143488.0, 59.71875]
['FSS', 1.217617, -3598143488.0, 59.71875]
['FSS', -921124864000.0, -921124864000.0, 59.6875]
['FSS', 1.085167, -2153155584.0, 59.6875]
['FSS', -921124864000.0, -921124864000.0, 59.71875]
['FSS', 1.183551, -17014805504.0, 59.6875]
['FSS', -921124864000.0, -921124864000.0, 59.71875]
['FSS', 1.217617, -3598143488.0, 59.6875]
['FSS', -374418.46875, 3.463343, 59.71875]
['FSS', 1.183551, -17014805504.0, 59.71875]
['FSS', 1.183551, -17014805504.0, 59.6875]
['FSS', 1.217617, -3598143488.0, 59.71875]
['FSS', 1.217617, -3598143488.0, 59.6875]
['FSS', -921124864000.0, -921124864000.0, 59.71875]
['FSS', 1.217617, -3598143488.0, 59.71875]
['FSS', 1.217617, -3598143488.0, 59.71875]
['FSS', 1.217617, -3598143488.0, 59.71875]
['FSS', 1.217617, -3598143488.0, 59.71875]
['FSS', 1.217617, -3598143488.0, 59.71875]
['FSS', 1.217617, -3598143488.0, 59.75]
['FSS', 1.085167, -2153155584.0, 59.71875]
['FSS', 1.217617, -3598143488.0, 59.6875]
['FSS', -921124864000.0, -921124864000.0, 59.71875]
['FSS', 1.085167, -2153155584.0, 59.71875]
['FSS', 1.217617, -3598143488.0, 59.71875]
['FSS', -921124864000.0, -921124864000.0, 59.71875]
['FSS', 1.217617, -3598143488.0, 59.71875]
['FSS', 1.217617, -3598143488.0, 59.71875]
['FSS', 1.217617, -3598143488.0, 59.71875]
['FSS', -921124864000.0, -921124864000.0, 59.71875]
['FSS', 1.183551, -17014805504.0, 59.71875]
['FSS', 1.217617, -3598143488.0, 59.71875]
['FSS', 1.085167, -2153155584.0, 59.71875]
['FSS', 1.152139, -3256689664.0, 59.71875]
['FSS', 1.217617, -3598143488.0, 59.75]
['FSS', 1.217617, -3598143488.0, 59.71875]
['FSS', 1.085167, -2153155584.0, 59.71875]
['FSS', 1.217617, -3598143488.0, 59.71875]
['FSS', 1.183551, -17014805504.0, 59.71875]
['FSS', 1.217617, -3598143488.0, 59.71875]
['FSS', 1.217617, -3598143488.0, 59.71875]
['FSS', 1.085167, -2153155584.0, 59.71875]
['FSS', 1.085167, -2153155584.0, 59.71875]
['FSS', 1.217617, -3598143488.0, 59.71875]
['FSS', 1.183551, -17014805504.0, 59.71875]
['FSS', 1.183551, -17014805504.0, 59.71875]
['FSS', 1.217617, -3598143488.0, 59.71875]
['FSS', 1.217617, -3598143488.0, 59.71875]
['FSS', 1.183551, -17014805504.0, 59.71875]
['FSS', 1.217617, -3598143488.0, 59.71875]
['FSS', -767342018560.0, -767342018560.0, 59.71875]
['FSS', 1.217617, -3598143488.0, 59.71875]
['FSS', 1.217617, -3598143488.0, 59.71875]
['FSS', 1.217617, -3598143488.0, 59.71875]
['FSS', 1.217617, -3598143488.0, 59.71875]
['FSS', -921124864000.0, -921124864000.0, 59.71875]
['FSS', 1.217617, -3598143488.0, 59.71875]
['FSS', 1.183551, -2.425698, 59.71875]
['FSS', 1.183551, -17014805504.0, 59.6875]
['FSS', 1.085167, -2153155584.0, 59.6875]
['FSS', 1.183551, -2.425698, 59.71875]
['FSS', 1.217617, -3598143488.0, 59.71875]
['FSS', 1.183551, -17014805504.0, 59.71875]
['FSS', 1.085167, -2153155584.0, 59.71875]
['FSS', 1.217617, -3598143488.0, 59.71875]
['FSS', 1.183551, -17014805504.0, 59.71875]
['FSS', 1.183551, -17014805504.0, 59.71875]
['FSS', 1.217617, -3598143488.0, 59.71875]
['FSS', 1.085167, -2153155584.0, 59.71875]
['FSS', 1.085167, -2153155584.0, 59.71875]
['FSS', -921124864000.0, -921124864000.0, 59.71875]
['FSS', 1.217617, -3598143488.0, 59.75]
['FSS', 1.085167, -2153155584.0, 59.71875]
['FSS', 1.152139, -3256689664.0, 59.71875]
['FSS', 1.217617, -3598143488.0, 59.71875]
['FSS', 1.085167, -2153155584.0, 59.71875]
['FSS', 1.183551, -17014805504.0, 59.71875]
['FSS', 1.183551, -2.425698, 59.75]
['FSS', 1.217617, -3598143488.0, 59.75]
['FSS', 1.217617, -3598143488.0, 59.75]
['FSS', 1.217617, -3598143488.0, 59.75]
['FSS', 1.183551, -17014805504.0, 59.75]
['FSS', 1.217617, -3598143488.0, 59.75]
['FSS', 1.217617, -3598143488.0, 59.75]
['FSS', 1.217617, -3598143488.0, 59.71875]
['FSS', -921124864000.0, -921124864000.0, 59.71875]
['FSS', 1.217617, -3598143488.0, 59.71875]
['FSS', -374418.46875, 3.463343, 59.71875]
['FSS', 1.217617, -3598143488.0, 59.75]
['FSS', 1.183551, -17014805504.0, 59.71875]
['FSS', 1.085167, -2153155584.0, 59.75]
['FSS', 1.217617, -3598143488.0, 59.71875]
['FSS', 1.217617, -3598143488.0, 59.75]
['FSS', 1.085167, -2153155584.0, 59.75]
['FSS', -921124864000.0, -921124864000.0, 59.75]
['FSS', 1.183551, -17014805504.0, 59.75]
['FSS', 1.183551, -17014805504.0, 59.71875]
['FSS', 1.085167, -2153155584.0, 59.75]
['FSS', 1.085167, -2153155584.0, 59.75]
['FSS', 1.183551, -17014805504.0, 59.75]
['FSS', 1.183551, -17014805504.0, 59.75]
['FSS', 1.183551, -17014805504.0, 59.71875]
['FSS', -921124864000.0, -921124864000.0, 59.75]
['FSS', 1.217617, -3598143488.0, 59.75]
['FSS', 1.217617, -3598143488.0, 59.71875]
['FSS', 1.217617, -3598143488.0, 59.75]
['FSS', 1.217617, -3598143488.0, 59.75]
['FSS', -7.956682553254e-17, -3598143744.0, 59.71875]
['FSS', 1.217617, -3598143488.0, 59.71875]
['FSS', 1.085167, -2153155584.0, 59.75]
['FSS', 1.183551, -17014805504.0, 59.75]
['FSS', -7.956682553254e-17, -3598143744.0, 59.75]
['FSS', 1.217617, -3598143488.0, 59.71875]
['FSS', 1.085167, -2153155584.0, 59.75]
['FSS', 1.085167, -2153155584.0, 59.75]
['FSS', 1.217617, -3598143488.0, 59.75]
['FSS', -921124864000.0, -921124864000.0, 59.71875]
['FSS', 1.217617, -3598143488.0, 59.71875]
['FSS', 1.183551, -17014805504.0, 59.71875]
['FSS', 1.183551, -17014805504.0, 59.71875]
['FSS', 1.217617, -3598143488.0, 59.71875]
['FSS', 1.085167, -2153155584.0, 59.71875]
['FSS', 1.217617, -3598143488.0, 59.75]
['FSS', 1.217617, -3598143488.0, 59.71875]
['FSS', 1.217617, -3598143488.0, 59.75]
['FSS', 1.217617, -3598143488.0, 59.71875]
['FSS', 1.085167, -2153155584.0, 59.71875]
['FSS', 1.217617, -3598143488.0, 59.71875]
['FSS', 1.217617, -3598143488.0, 59.71875]
['FSS', 1.217617, -3598143488.0, 59.71875]
['FSS', 1.085167, -2153155584.0, 59.75]
['FSS', 1.217617, -3598143488.0, 59.75]
['FSS', 1.217617, -3598143488.0, 59.75]
['FSS', 1.217617, -3598143488.0, 59.75]
['FSS', -921124864000.0, -921124864000.0, 59.75]
['FSS', 1.085167, -2153155584.0, 59.75]
['FSS', 1.217617, -3598143488.0, 59.71875]
['FSS', -767342018560.0, -767342018560.0, 59.71875]
['FSS', -767342018560.0, -767342018560.0, 59.71875]
['FSS', 1.085167, -2153155584.0, 59.75]
['FSS', 1.217617, -3598143488.0, 59.75]
['FSS', 1.217617, -3598143488.0, 59.71875]
['FSS', -7.956682553254e-17, -3598143744.0, 59.75]
['FSS', 1.217617, -3598143488.0, 59.75]
['FSS', 1.085167, -2153155584.0, 59.71875]
['FSS', 1.085167, -2153155584.0, 59.75]
['FSS', 1.217617, -3598143488.0, 59.75]
['FSS', 1.217617, -3598143488.0, 59.71875]
['FSS', 1.217617, -3598143488.0, 59.75]
['FSS', 1.217617, -3598143488.0, 59.71875]
['FSS', 1.085167, -2153155584.0, 59.71875]
['FSS', 1.183551, -17014805504.0, 59.75]
['FSS', 1.085167, -2153155584.0, 59.75]
['FSS', 1.217617, -3598143488.0, 59.75]
['FSS', 1.217617, -3598143488.0, 59.75]
['FSS', 1.085167, -2153155584.0, 59.75]
['FSS', 1.183551, -17014805504.0, 59.75]
['FSS', 1.085167, -2153155584.0, 59.75]
['FSS', 1.085167, -2153155584.0, 59.75]
['FSS', 1.217617, -3598143488.0, 59.71875]
['FSS', 1.217617, -3598143488.0, 59.75]
['FSS', 1.085167, -2153155584.0, 59.71875]
['FSS', 1.085167, -2153155584.0, 59.75]
['FSS', 1.217617, -3598143488.0, 59.71875]
['FSS', 1.217617, -3598143488.0, 59.71875]
['FSS', -374418.46875, 3.463343, 59.71875]
['FSS', 1.085167, -2153155584.0, 59.71875]
['FSS', 1.217617, -3598143488.0, 59.71875]
['FSS', 1.217617, -3598143488.0, 59.71875]
['FSS', 1.217617, -3598143488.0, 59.71875]
['FSS', 1.085167, -2153155584.0, 59.71875]
['FSS', 1.085167, -2153155584.0, 59.71875]
['FSS', 1.217617, -3598143488.0, 59.75]
['FSS', 1.085167, -2153155584.0, 59.71875]
['FSS', 1.217617, -3598143488.0, 59.71875]
['FSS', 1.217617, -3598143488.0, 59.75]
['FSS', 1.085167, -2153155584.0, 59.71875]
['FSS', 1.183551, -2.425698, 59.75]
['FSS', 1.085167, -2153155584.0, 59.71875]
['FSS', 1.217617, -3598143488.0, 59.75]
['FSS', 1.183551, -17014805504.0, 59.75]
['FSS', 1.217617, -3598143488.0, 59.75]
['FSS', 1.217617, -3598143488.0, 59.71875]
['FSS', 1.217617, -3598143488.0, 59.71875]
['FSS', 1.085167, -2153155584.0, 59.71875]
['FSS', 1.217617, -3598143488.0, 59.71875]
['FSS', 1.217617, -3598143488.0, 59.71875]
['FSS', 1.217617, -3598143488.0, 59.6875]
['FSS', 1.217617, -3598143488.0, 59.71875]
['FSS', 1.183551, -17014805504.0, 59.71875]
['FSS', 1.217617, -3598143488.0, 59.71875]
['FSS', 1.217617, -3598143488.0, 59.71875]
['FSS', 1.183551, -17014805504.0, 59.75]
['FSS', 1.085167, -2153155584.0, 59.75]
['FSS', 1.091771, -10737120256.0, 59.75]
['FSS', 1.217617, -3598143488.0, 59.75]
['FSS', 1.217617, -3598143488.0, 59.71875]
['FSS', 1.217617, -3598143488.0, 59.75]
['FSS', 1.085167, -2153155584.0, 59.71875]
['FSS', 1.183551, -17014805504.0, 59.71875]
['FSS', 1.217617, -3598143488.0, 59.75]
['FSS', -921124864000.0, -921124864000.0, 59.71875]
['FSS', 1.085167, -2153155584.0, 59.75]
['FSS', 1.085167, -2153155584.0, 59.71875]
['FSS', 1.217617, -3598143488.0, 59.71875]
['FSS', 1.217617, -3598143488.0, 59.75]
['FSS', 1.183551, -17014805504.0, 59.71875]
['FSS', 1.217617, -3598143488.0, 59.71875]
['FSS', 1.183551, -17014805504.0, 59.75]
['FSS', -921124864000.0, -921124864000.0, 59.71875]
['FSS', 1.183551, -17014805504.0, 59.71875]
['FSS', -2342540.5, 2.265535, 59.71875]
['FSS', 1.183551, -17014805504.0, 59.71875]
['FSS', 1.085167, -2153155584.0, 59.75]
['FSS', 1.217617, -3598143488.0, 59.71875]
['FSS', 1.085167, -2153155584.0, 59.71875]
['FSS', 1.217617, -3598143488.0, 59.71875]
['FSS', 1.217617, -3598143488.0, 59.71875]
['FSS', 1.217617, -3598143488.0, 59.75]
['FSS', 1.183551, -17014805504.0, 59.71875]
['FSS', -2342540.5, 2.265535, 59.71875]
['FSS', 1.085167, -2153155584.0, 59.71875]
['FSS', -921124864000.0, -921124864000.0, 59.75]
['FSS', 1.217617, -3598143488.0, 59.71875]
['FSS', 1.085167, -2153155584.0, 59.71875]
['FSS', -7.956682553254e-17, -3598143744.0, 59.71875]
['FSS', 1.217617, -3598143488.0, 59.71875]
['FSS', 1.217617, -3598143488.0, 59.71875]
['FSS', 1.217617, -3598143488.0, 59.75]
['FSS', 1.217617, -3598143488.0, 59.71875]
['FSS', 1.217617, -3598143488.0, 59.71875]
['FSS', 1.217617, -3598143488.0, 59.71875]
['FSS', -7.956682553254e-17, -3598143744.0, 59.75]
['FSS', 1.183551, -17014805504.0, 59.71875]
['FSS', 1.217617, -3598143488.0, 59.75]
['FSS', 1.085167, -2153155584.0, 59.71875]
['FSS', 1.183551, -17014805504.0, 59.625]
['FSS', 1.217617, -3598143488.0, 59.625]
['FSS', 1.217617, -3598143488.0, 59.34375]
['FSS', 1.085167, -2153155584.0, 59.0]
['FSS', 1.217617, -3598143488.0, 58.84375]
['FSS', 1.183551, -17014805504.0, 58.53125]
['FSS', 1.217617, -3598143488.0, 58.25]
['FSS', 1.183551, -17014805504.0, 58.09375]
['FSS', 1.183551, -17014805504.0, 53.40625]
['FSS', 1.183551, -17014805504.0, 50.375]
['FSS', 1.183551, -17014805504.0, 50.46875]
['FSS', 1.183551, -17014805504.0, 50.4375]
['FSS', 1.183551, -17014805504.0, 50.375]
['FSS', 1.217617, -3598143488.0, 50.3125]
['FSS', 1.183551, -17014805504.0, 50.28125]
['FSS', 1.183551, -17014805504.0, 50.21875]
['FSS', 1.183551, -17014805504.0, 50.21875]
['FSS', 1.217617, -3598143488.0, 50.15625]
['FSS', 1.183551, -17014805504.0, 50.125]
['FSS', 1.183551, -17014805504.0, 50.125]
['FSS', 1.217617, -3598143488.0, 50.09375]
['FSS', 1.217617, -3598143488.0, 50.09375]
['FSS', 1.183551, -17014805504.0, 50.0625]
['FSS', 1.183551, -17014805504.0, 50.0625]
['FSS', 1.183551, -17014805504.0, 49.96875]
['FSS', 1.217617, -3598143488.0, 49.9375]
['FSS', 1.217617, -3598143488.0, 49.9375]
['FSS', 1.183551, -17014805504.0, 49.90625]
['FSS', 1.183551, -17014805504.0, 49.875]
['FSS', 1.183551, -17014805504.0, 49.875]
['FSS', 1.183551, -17014805504.0, 49.875]
['FSS', 1.183551, -17014805504.0, 49.875]
['FSS', 1.217617, -3598143488.0, 49.84375]
['FSS', 1.217617, -3598143488.0, 49.875]
['FSS', 1.183551, -17014805504.0, 49.84375]
['FSS', 1.183551, -17014805504.0, 49.84375]
['FSS', 1.217617, -3598143488.0, 49.84375]
['FSS', 1.183551, -17014805504.0, 49.84375]
['FSS', 1.183551, -2.425698, 49.75]
['FSS', 1.217617, -3598143488.0, 49.75]
['FSS', 1.183551, -17014805504.0, 49.75]
['FSS', 1.183551, -17014805504.0, 49.78125]
['FSS', 1.217617, -3598143488.0, 49.78125]
['FSS', 1.183551, -17014805504.0, 49.78125]
['FSS', 1.183551, -17014805504.0, 49.78125]
['FSS', 1.217617, -3598143488.0, 49.78125]
['FSS', 1.217617, -3598143488.0, 49.78125]
['FSS', 1.183551, -17014805504.0, 49.78125]
['FSS', 1.183551, -17014805504.0, 49.75]
['FSS', 1.183551, -17014805504.0, 49.78125]
['FSS', 1.217617, -3598143488.0, 49.75]
['FSS', 1.183551, -17014805504.0, 49.78125]
['FSS', 1.183551, -17014805504.0, 49.75]
['FSS', 1.183551, -17014805504.0, 49.78125]
['FSS', 1.183551, -17014805504.0, 49.78125]
['FSS', 1.183551, -17014805504.0, 49.78125]
['FSS', 1.183551, -17014805504.0, 49.78125]
['FSS', 1.217617, -3598143488.0, 49.78125]
['FSS', 1.183551, -17014805504.0, 49.78125]
['FSS', 1.183551, -17014805504.0, 49.8125]
['FSS', 1.183551, -17014805504.0, 49.78125]
['FSS', 1.183551, -17014805504.0, 49.78125]
['FSS', 1.183551, -17014805504.0, 49.8125]
['FSS', 1.217617, -3598143488.0, 49.78125]
['FSS', 1.183551, -17014805504.0, 49.78125]
['FSS', 1.183551, -17014805504.0, 49.78125]
['FSS', 1.217617, -3598143488.0, 49.78125]
['FSS', 1.183551, -17014805504.0, 49.78125]
['FSS', 1.217617, -3598143488.0, 49.8125]
['FSS', 1.183551, -17014805504.0, 49.78125]
['FSS', 1.183551, -17014805504.0, 49.8125]
['FSS', 1.217617, -3598143488.0, 49.78125]
['FSS', 1.183551, -17014805504.0, 49.78125]
['FSS', 1.183551, -17014805504.0, 49.78125]
['FSS', 1.183551, -17014805504.0, 49.78125]
['FSS', 1.183551, -17014805504.0, 49.78125]
['FSS', 1.183551, -17014805504.0, 49.78125]
['FSS', 1.183551, -17014805504.0, 49.8125]
['FSS', 1.217617, -3598143488.0, 49.78125]
['FSS', 1.183551, -17014805504.0, 49.78125]
['FSS', 1.183551, -17014805504.0, 49.8125]
['FSS', 1.217617, -3598143488.0, 49.78125]
['FSS', 1.183551, -17014805504.0, 49.8125]
['FSS', 1.183551, -17014805504.0, 49.8125]
['FSS', 1.183551, -17014805504.0, 49.78125]
['FSS', 1.217617, -3598143488.0, 49.8125]
['FSS', 1.183551, -17014805504.0, 49.78125]
['FSS', 1.183551, -17014805504.0, 49.78125]
['FSS', 1.217617, -3598143488.0, 49.78125]
['FSS', 1.217617, -3598143488.0, 49.78125]
['FSS', 1.183551, -17014805504.0, 49.78125]
['FSS', 1.183551, -17014805504.0, 49.78125]
['FSS', 1.217617, -3598143488.0, 49.78125]
['FSS', 1.183551, -17014805504.0, 49.8125]
['FSS', 1.183551, -17014805504.0, 49.78125]
['FSS', 1.183551, -17014805504.0, 49.78125]
['FSS', 1.183551, -17014805504.0, 48.375]
['FSS', 1.183551, -17014805504.0, 48.28125]
['FSS', -767342018560.0, -767342018560.0, 43.65625]
['FSS', 1.217617, -3598143488.0, 43.21875]
['FSS', 1.183551, -17014805504.0, 42.84375]
['FSS', 1.217617, -3598143488.0, 42.8125]
['FSS', 1.217617, -3598143488.0, 40.875]
['FSS', 1.217617, -3598143488.0, 40.8125]
['FSS', 1.217617, -3598143488.0, 40.75]
['FSS', 1.183551, -17014805504.0, 40.65625]
['FSS', 1.183551, -2.425698, 40.59375]
['FSS', 1.217617, -3598143488.0, 40.5625]
['FSS', -921124864000.0, -921124864000.0, 40.53125]
['FSS', 1.217617, -3598143488.0, 40.5]
['FSS', 1.217617, -3598143488.0, 40.375]
['FSS', -767342018560.0, -767342018560.0, 40.375]
['FSS', 1.217617, -3598143488.0, 40.25]
['FSS', -2342540.75, 2.273053, 40.25]
['FSS', 1.217617, -3598143488.0, 40.25]
['FSS', 1.183551, -17014805504.0, 40.28125]
['FSS', -2342540.5, 2.273053, 40.28125]
['FSS', -2342540.5, 2.273053, 40.3125]
['FSS', 1.085167, -2153155584.0, 40.3125]
['FSS', 1.217617, -3598143488.0, 40.34375]
['FSS', 1.085167, -2153155584.0, 40.40625]
['FSS', 1.217617, -3598143488.0, 40.4375]
['FSS', 1.183551, -17014805504.0, 40.4375]
['FSS', 1.217617, -3598143488.0, 40.46875]
['FSS', -2342540.75, 2.265535, 40.46875]
['FSS', -2140491.5, 2.266814, 40.5]
['FSS', 1.183551, -17014805504.0, 40.46875]
['FSS', -921124864000.0, -921124864000.0, 40.4375]
['FSS', 1.217617, -3598143488.0, 40.4375]
['FSS', -2342540.75, 2.265535, 40.40625]
['FSS', 1.217617, -3598143488.0, 40.40625]
['FSS', 1.183551, -17014805504.0, 40.40625]
['FSS', 1.085167, -2153155584.0, 40.34375]
['FSS', 1.085167, -2153155584.0, 40.3125]
['FSS', 1.217617, -3598143488.0, 40.28125]
['FSS', 1.152139, -3256689664.0, 40.25]
['FSS', 1.183551, -17014805504.0, 40.21875]
['FSS', 1.183551, -17014805504.0, 40.15625]
['FSS', 1.085167, -2153155584.0, 40.15625]
['FSS', 1.217617, -3598143488.0, 40.15625]
['FSS', 1.183551, -17014805504.0, 40.15625]
['FSS', -2342540.5, 2.265535, 40.15625]
['FSS', 1.217617, -3598143488.0, 40.15625]
['FSS', 1.085167, -2153155584.0, 40.125]
['FSS', 1.183551, -2.425698, 40.09375]
['FSS', 1.091771, -10737120256.0, 40.09375]
['FSS', 1.217617, -3598143488.0, 40.125]
['FSS', 1.085167, -2153155584.0, 40.09375]
['FSS', 1.217617, -3598143488.0, 40.125]
['FSS', 1.217617, -3598143488.0, 40.09375]
['FSS', 1.183551, -17014805504.0, 40.09375]
['FSS', 1.085167, -2153155584.0, 40.09375]
['FSS', 1.217617, -3598143488.0, 40.09375]
['FSS', -2342540.5, 2.265535, 40.09375]
['FSS', 1.217617, -3598143488.0, 40.09375]
['FSS', -2342540.75, 2.265535, 40.0625]
['FSS', 1.217617, -3598143488.0, 40.09375]
['FSS', 1.183551, -17014805504.0, 40.09375]
['FSS', 1.217617, -3598143488.0, 40.0625]
['FSS', 1.217617, -3598143488.0, 40.0625]
['FSS', 1.085167, -2153155584.0, 40.0625]
['FSS', 1.217617, -3598143488.0, 40.0625]
['FSS', 1.217617, -3598143488.0, 40.0625]
['FSS', 1.085167, -2153155584.0, 40.0625]
['FSS', 1.217617, -3598143488.0, 40.09375]
['FSS', 1.217617, -3598143488.0, 40.09375]
['FSS', 1.217617, -3598143488.0, 40.09375]
['FSS', 1.085167, -2153155584.0, 40.0625]
['FSS', -921124864000.0, -921124864000.0, 40.09375]
['FSS', -921124864000.0, -921124864000.0, 40.09375]
['FSS', 1.217617, -3598143488.0, 40.09375]
['FSS', 1.217617, -3598143488.0, 40.09375]
['FSS', -2342540.5, 2.265535, 40.09375]
['FSS', 1.217617, -3598143488.0, 40.09375]
['FSS', 1.217617, -3598143488.0, 40.09375]
['FSS', 1.217617, -3598143488.0, 40.125]
['FSS', -2342540.5, 2.265535, 40.09375]
['FSS', -2342540.75, 2.273053, 40.09375]
['FSS', 1.217617, -3598143488.0, 40.09375]
['FSS', -767342018560.0, -767342018560.0, 40.0625]
['FSS', 1.085167, -2153155584.0, 40.09375]
['FSS', -2342540.75, 2.273053, 40.09375]
['FSS', 1.217617, -3598143488.0, 40.0625]
['FSS', 1.217617, -3598143488.0, 40.09375]
['FSS', -767342018560.0, -767342018560.0, 40.09375]
['FSS', 1.217617, -3598143488.0, 40.0625]
['FSS', 1.217617, -3598143488.0, 40.0625]
['FSS', -2342540.5, 2.273053, 40.03125]
['FSS', 1.217617, -3598143488.0, 40.03125]
['FSS', -2342540.75, 2.273053, 40.03125]
['FSS', 1.085167, -2153155584.0, 40.03125]
['FSS', -2342540.75, 2.273053, 40.03125]
['FSS', -921124864000.0, -921124864000.0, 40.03125]
['FSS', 1.217617, -3598143488.0, 40.03125]
['FSS', -921124864000.0, -921124864000.0, 40.03125]
['FSS', 1.217617, -3598143488.0, 40.03125]
['FSS', 1.183551, -17014805504.0, 40.0625]
['FSS', 1.217617, -3598143488.0, 40.03125]
['FSS', 1.17505, -3598143488.0, 40.03125]
['FSS', 1.183551, -17014805504.0, 40.0625]
['FSS', 1.217617, -3598143488.0, 40.03125]
['FSS', 1.183551, -17014805504.0, 40.0625]
['FSS', -2342540.75, 2.273053, 40.03125]
['FSS', -2342540.75, 2.273053, 40.03125]
['FSS', -2342540.5, 2.265535, 40.0]
['FSS', -2342540.75, 2.273053, 40.03125]
['FSS', 1.217617, -3598143488.0, 40.0]
['FSS', 1.217617, -3598143488.0, 40.03125]
['FSS', 1.091771, -10737120256.0, 40.0]
['FSS', 1.217617, -3598143488.0, 40.0]
['FSS', 1.085167, -2153155584.0, 40.0]
['FSS', 1.183551, -17014805504.0, 39.96875]
['FSS', 1.085167, -2153155584.0, 40.0]
['FSS', -767342018560.0, -767342018560.0, 40.0]
['FSS', 1.217617, -3598143488.0, 39.96875]
['FSS', 1.217617, -3598143488.0, 39.96875]
['FSS', -921124864000.0, -921124864000.0, 39.96875]
['FSS', 1.085167, -2153155584.0, 39.96875]
['FSS', 1.217617, -3598143488.0, 39.9375]
['FSS', 1.217617, -3598143488.0, 39.9375]
['FSS', 1.217617, -3598143488.0, 39.9375]
['FSS', -2342540.5, 2.273053, 39.9375]
['FSS', 1.183551, -17014805504.0, 39.9375]
['FSS', 1.217617, -3598143488.0, 39.9375]
['FSS', 1.217617, -3598143488.0, 39.9375]
['FSS', -7.956682553254e-17, -3598143744.0, 39.96875]
['FSS', 1.217617, -3598143488.0, 39.9375]
['FSS', 1.217617, -3598143488.0, 39.90625]
['FSS', 1.217617, -3598143488.0, 39.9375]
['FSS', 1.217617, -3598143488.0, 39.9375]
['FSS', 1.217617, -3598143488.0, 39.9375]
['FSS', 1.217617, -3598143488.0, 39.90625]
['FSS', 1.217617, -3598143488.0, 39.90625]
['FSS', 1.217617, -3598143488.0, 39.90625]
['FSS', 1.217617, -3598143488.0, 39.90625]
['FSS', 1.152139, -3256689664.0, 39.90625]
['FSS', -921124864000.0, -921124864000.0, 39.90625]
['FSS', 1.085167, -2153155584.0, 39.90625]
['FSS', 1.217617, -3598143488.0, 39.90625]
['FSS', 1.17505, -3598143488.0, 39.90625]
['FSS', 1.217617, -3598143488.0, 39.90625]
['FSS', 1.217617, -3598143488.0, 39.90625]
['FSS', 1.217617, -3598143488.0, 39.90625]
['FSS', 1.183551, -17014805504.0, 39.90625]
['FSS', 1.217617, -3598143488.0, 39.9375]
['FSS', 1.217617, -3598143488.0, 39.90625]
['FSS', 1.217617, -3598143488.0, 39.9375]
['FSS', 1.217617, -3598143488.0, 39.9375]
['FSS', -2342540.75, 2.273053, 39.9375]
['FSS', -767342018560.0, -767342018560.0, 39.90625]
['FSS', 1.217617, -3598143488.0, 39.9375]
['FSS', -767342018560.0, -767342018560.0, 39.90625]
['FSS', -2342540.5, 2.273053, 39.9375]
['FSS', 1.217617, -3598143488.0, 39.90625]
['FSS', 1.217617, -3598143488.0, 39.9375]
['FSS', 1.085167, -2153155584.0, 39.9375]
['FSS', 1.217617, -3598143488.0, 39.9375]
['FSS', 1.183551, -17014805504.0, 39.96875]
['FSS', -2342540.5, 2.273053, 39.9375]
['FSS', 1.183551, -17014805504.0, 39.96875]
['FSS', -2342540.75, 2.265535, 39.96875]
['FSS', 1.183551, -17014805504.0, 39.9375]
['FSS', -921124864000.0, -921124864000.0, 39.96875]
['FSS', 1.183551, -17014805504.0, 39.96875]
['FSS', 1.217617, -3598143488.0, 39.9375]
['FSS', 1.217617, -3598143488.0, 39.9375]
['FSS', 1.183551, -17014805504.0, 39.9375]
['FSS', 1.217617, -3598143488.0, 39.9375]
['FSS', 1.183551, -17014805504.0, 39.9375]
['FSS', 1.085167, -2153155584.0, 39.9375]
['FSS', 1.183551, -17014805504.0, 39.9375]
['FSS', 1.183551, -17014805504.0, 39.9375]
['FSS', 1.217617, -3598143488.0, 39.9375]
['FSS', 1.085167, -2153155584.0, 39.90625]
['FSS', -2342540.5, 2.273053, 39.90625]
['FSS', -2342540.5, 2.273053, 39.90625]
['FSS', -921124864000.0, -921124864000.0, 39.90625]
['FSS', 1.217617, -3598143488.0, 39.875]
['FSS', 1.217617, -3598143488.0, 39.90625]
['FSS', -2342540.5, 2.273053, 39.875]
['FSS', 1.217617, -3598143488.0, 39.875]
['FSS', 1.085167, -2153155584.0, 39.90625]
['FSS', 1.152139, -3256689664.0, 39.90625]
['FSS', -2342540.5, 2.273053, 39.875]
['FSS', 1.183551, -17014805504.0, 39.875]
['FSS', -2342540.5, 2.265535, 39.875]
['FSS', -2342540.75, 2.273053, 39.875]
['FSS', -2342540.5, 2.273053, 39.875]
['FSS', 1.217617, -3598143488.0, 39.875]
['FSS', 1.085167, -2153155584.0, 39.875]
['FSS', -2342540.5, 2.273053, 39.84375]
['FSS', 1.217617, -3598143488.0, 39.875]
['FSS', -921124864000.0, -921124864000.0, 39.875]
['FSS', -2342540.5, 2.276365, 39.84375]
['FSS', 1.085167, -2153155584.0, 39.875]
['FSS', 1.217617, -3598143488.0, 39.875]
['FSS', 1.17505, -3598143488.0, 39.875]
['FSS', 1.085167, -2153155584.0, 39.875]
['FSS', 1.085167, -2153155584.0, 39.875]
['FSS', -2140491.5, 2.266814, 39.875]
['FSS', 1.217617, -3598143488.0, 39.875]
['FSS', 1.217617, -3598143488.0, 39.84375]
['FSS', 1.217617, -3598143488.0, 39.84375]
['FSS', 1.217617, -3598143488.0, 39.84375]
['FSS', 1.217617, -3598143488.0, 39.84375]
['FSS', 1.183551, -17014805504.0, 39.875]
['FSS', -2342540.5, 2.265535, 39.84375]
['FSS', 1.085167, -2153155584.0, 39.875]
['FSS', 1.217617, -3598143488.0, 39.875]
['FSS', 1.217617, -3598143488.0, 39.84375]
['FSS', 1.085167, -2153155584.0, 39.84375]
['FSS', 1.217617, -3598143488.0, 39.84375]
['FSS', 1.183551, -17014805504.0, 39.84375]
['FSS', 1.183551, -17014805504.0, 39.84375]
['FSS', -2342540.75, 2.265535, 39.84375]
['FSS', 1.217617, -3598143488.0, 39.875]
['FSS', 1.085167, -2153155584.0, 39.84375]
['FSS', 1.217617, -3598143488.0, 39.84375]
['FSS', 1.183551, -17014805504.0, 39.84375]
['FSS', 1.217617, -3598143488.0, 39.84375]
['FSS', -2342540.5, 2.273053, 39.84375]
['FSS', 1.217617, -3598143488.0, 39.84375]
['FSS', -7.956682553254e-17, -3598143744.0, 39.84375]
['FSS', -7.956682553254e-17, -3598143744.0, 39.84375]
['FSS', 1.183551, -17014805504.0, 39.84375]
['FSS', 1.183551, -17014805504.0, 39.875]
['FSS', 1.217617, -3598143488.0, 39.875]
['FSS', 1.217617, -3598143488.0, 39.875]
['FSS', 1.217617, -3598143488.0, 39.875]
['FSS', 1.183551, -17014805504.0, 39.875]
['FSS', 1.217617, -3598143488.0, 39.875]
['FSS', 1.183551, -17014805504.0, 39.875]
['FSS', 1.217617, -3598143488.0, 39.875]
['FSS', 1.217617, -3598143488.0, 39.875]
['FSS', 1.217617, -3598143488.0, 39.84375]
['FSS', 1.183551, -17014805504.0, 39.875]
['FSS', 1.183551, -17014805504.0, 39.875]
['FSS', 1.183551, -17014805504.0, 39.84375]
['FSS', 1.085167, -2153155584.0, 39.875]
['FSS', 1.217617, -3598143488.0, 39.875]
['FSS', 1.217617, -3598143488.0, 39.84375]
['FSS', 1.183551, -17014805504.0, 39.84375]
['FSS', 1.085167, -2153155584.0, 39.875]
['FSS', 1.183551, -17014805504.0, 39.875]
['FSS', 1.217617, -3598143488.0, 39.84375]
['FSS', 1.183551, -17014805504.0, 39.875]
['FSS', 1.085167, -2153155584.0, 39.875]
['FSS', 1.085167, -2153155584.0, 39.875]
['FSS', 1.183551, -17014805504.0, 39.875]
['FSS', 1.217617, -3598143488.0, 39.875]
['FSS', 1.183551, -17014805504.0, 39.875]
['FSS', -2342540.75, 2.265535, 39.90625]
['FSS', 1.217617, -3598143488.0, 39.875]
['FSS', 1.217617, -3598143488.0, 39.875]
['FSS', 1.152139, -3256689664.0, 39.875]
['FSS', 1.217617, -3598143488.0, 39.875]
['FSS', 1.217617, -3598143488.0, 39.875]
['FSS', 1.183551, -17014805504.0, 39.875]
['FSS', -2342540.5, 2.273053, 39.875]
['FSS', 1.217617, -3598143488.0, 39.90625]
['FSS', 1.085167, -2153155584.0, 39.875]
['FSS', -7.956682553254e-17, -3598143744.0, 39.875]
['FSS', -7.956682553254e-17, -3598143744.0, 39.875]
['FSS', 1.217617, -3598143488.0, 39.875]
['FSS', 1.183551, -17014805504.0, 39.84375]
['FSS', -2342540.5, 2.265535, 39.875]
['FSS', 1.152139, -3256689664.0, 39.875]
['FSS', 1.183551, -17014805504.0, 39.875]
['FSS', 1.217617, -3598143488.0, 39.875]
['FSS', 1.217617, -3598143488.0, 39.875]
['FSS', 1.183551, -17014805504.0, 39.875]
['FSS', 1.217617, -3598143488.0, 39.875]
['FSS', 1.217617, -3598143488.0, 39.90625]
['FSS', 1.217617, -3598143488.0, 39.875]
['FSS', 1.085167, -2153155584.0, 39.875]
['FSS', 1.217617, -3598143488.0, 39.875]
['FSS', 1.183551, -17014805504.0, 39.875]
['FSS', 1.085167, -2153155584.0, 39.875]
['FSS', 1.085167, -2153155584.0, 39.84375]
['FSS', 1.085167, -2153155584.0, 39.875]
['FSS', 1.217617, -3598143488.0, 39.875]
['FSS', 1.217617, -3598143488.0, 39.84375]
['FSS', -921124864000.0, -921124864000.0, 39.875]
['FSS', -921124864000.0, -921124864000.0, 39.84375]
['FSS', 1.217617, -3598143488.0, 39.875]
['FSS', 1.217617, -3598143488.0, 39.84375]
['FSS', 1.217617, -3598143488.0, 39.875]
['FSS', 1.085167, -2153155584.0, 39.875]
['FSS', -2342540.5, 2.265535, 39.875]
['FSS', 1.183551, -17014805504.0, 39.84375]
['FSS', -2342540.5, 2.265535, 39.875]
['FSS', 1.183551, -17014805504.0, 39.875]
['FSS', 1.217617, -3598143488.0, 39.875]
['FSS', 1.217617, -3598143488.0, 39.875]
['FSS', 1.085167, -2153155584.0, 39.875]
['FSS', 1.183551, -17014805504.0, 39.84375]
['FSS', 1.183551, -17014805504.0, 39.875]
['FSS', 1.217617, -3598143488.0, 39.875]
['FSS', 1.217617, -3598143488.0, 39.84375]
['FSS', 1.217617, -3598143488.0, 39.875]
['FSS', 1.217617, -3598143488.0, 39.875]
['FSS', 1.152139, -3256689664.0, 39.875]
['FSS', 1.217617, -3598143488.0, 39.875]
['FSS', 1.183551, -17014805504.0, 39.875]
['FSS', 1.183551, -17014805504.0, 39.875]
['FSS', 1.085167, -2153155584.0, 39.875]
['FSS', -2342540.75, 2.265535, 39.84375]
['FSS', 1.085167, -2153155584.0, 39.875]
['FSS', 1.183551, -17014805504.0, 39.875]
['FSS', -921124864000.0, -921124864000.0, 39.875]
['FSS', -2342540.5, 2.273053, 39.84375]
['FSS', 1.183551, -17014805504.0, 39.875]
['FSS', -767342018560.0, -767342018560.0, 39.84375]
['FSS', 1.152139, -3256689664.0, 39.875]
['FSS', 1.217617, -3598143488.0, 39.84375]
['FSS', 1.183551, -17014805504.0, 39.84375]
['FSS', -2342540.5, 2.273053, 39.84375]
['FSS', 1.217617, -3598143488.0, 39.875]
['FSS', -921124864000.0, -921124864000.0, 39.84375]
['FSS', 1.217617, -3598143488.0, 39.875]
['FSS', -921124864000.0, -921124864000.0, 39.84375]
['FSS', 1.217617, -3598143488.0, 39.84375]
['FSS', 1.217617, -3598143488.0, 39.875]
['FSS', -7.956682553254e-17, -3598143744.0, 39.875]
['FSS', 1.085167, -2153155584.0, 39.84375]
['FSS', 1.217617, -3598143488.0, 39.84375]
['FSS', 1.217617, -3598143488.0, 39.84375]
['FSS', 1.183551, -17014805504.0, 39.875]
['FSS', 1.217617, -3598143488.0, 39.84375]
['FSS', 1.217617, -3598143488.0, 39.84375]
['FSS', 1.085167, -2153155584.0, 39.84375]
['FSS', 1.217617, -3598143488.0, 39.84375]
['FSS', 1.217617, -3598143488.0, 39.84375]
['FSS', 1.217617, -3598143488.0, 39.875]
['FSS', 1.217617, -3598143488.0, 39.875]
['FSS', 1.183551, -17014805504.0, 39.875]
['FSS', 1.217617, -3598143488.0, 39.84375]
['FSS', 1.217617, -3598143488.0, 39.875]
['FSS', 1.217617, -3598143488.0, 39.875]
['FSS', 1.085167, -2153155584.0, 39.875]
['FSS', 1.217617, -3598143488.0, 39.875]
['FSS', 1.217617, -3598143488.0, 39.875]
['FSS', 1.217617, -3598143488.0, 39.875]
['FSS', 1.217617, -3598143488.0, 39.875]
['FSS', 1.183551, -17014805504.0, 39.875]
['FSS', 1.217617, -3598143488.0, 39.875]
['FSS', 1.217617, -3598143488.0, 39.875]
['FSS', -5.949555, 2.007423, 39.875]
['FSS', 1.217617, -3598143488.0, 39.875]
['FSS', 1.217617, -3598143488.0, 39.875]
['FSS', 1.217617, -3598143488.0, 39.875]
['FSS', 1.217617, -3598143488.0, 39.875]
['FSS', -921124864000.0, -921124864000.0, 39.875]
['FSS', 1.217617, -3598143488.0, 39.84375]
['FSS', 1.183551, -17014805504.0, 39.875]
['FSS', 1.217617, -3598143488.0, 39.875]
['FSS', 1.217617, -3598143488.0, 39.84375]
['FSS', -2342540.5, 2.265535, 39.84375]
['FSS', 1.217617, -3598143488.0, 39.84375]
['FSS', 1.183551, -17014805504.0, 39.84375]
['FSS', 1.217617, -3598143488.0, 39.875]
['FSS', 1.217617, -3598143488.0, 39.84375]
['FSS', 1.085167, -2153155584.0, 39.875]
['FSS', -374418.46875, 3.463343, 39.875]
['FSS', 1.183551, -17014805504.0, 39.875]
['FSS', 1.217617, -3598143488.0, 39.875]
['FSS', 1.217617, -3598143488.0, 39.875]
['FSS', -2342540.5, 2.265535, 39.875]
['FSS', -921124864000.0, -921124864000.0, 39.875]
['FSS', 1.217617, -3598143488.0, 39.875]
['FSS', 1.183551, -17014805504.0, 39.875]
['FSS', 1.217617, -3598143488.0, 39.875]
['FSS', 1.183551, -17014805504.0, 39.875]
['FSS', 1.183551, -17014805504.0, 39.875]
['FSS', 1.217617, -3598143488.0, 39.875]
['FSS', -2342540.5, 2.265535, 39.875]
['FSS', 1.217617, -3598143488.0, 39.875]
['FSS', 1.085167, -2153155584.0, 39.90625]
['FSS', 1.217617, -3598143488.0, 39.90625]
['FSS', -2342540.5, 2.273053, 39.875]
['FSS', 1.217617, -3598143488.0, 39.875]
['FSS', 1.217617, -3598143488.0, 39.875]
['FSS', 1.183551, -17014805504.0, 39.875]
['FSS', 1.085167, -2153155584.0, 39.90625]
['FSS', -921124864000.0, -921124864000.0, 39.875]
['FSS', 1.217617, -3598143488.0, 39.875]
['FSS', 1.183551, -17014805504.0, 39.875]
['FSS', 1.217617, -3598143488.0, 39.875]
['FSS', 1.217617, -3598143488.0, 39.875]
['FSS', 1.183551, -17014805504.0, 39.875]
['FSS', 1.217617, -3598143488.0, 39.875]
['FSS', 1.183551, -17014805504.0, 39.875]
['FSS', 1.085167, -2153155584.0, 39.875]
['FSS', -767342018560.0, -767342018560.0, 39.875]
['FSS', 1.217617, -3598143488.0, 39.875]
['FSS', 1.217617, -3598143488.0, 39.875]
['FSS', 1.183551, -17014805504.0, 39.875]
['FSS', 1.217617, -3598143488.0, 39.875]
['FSS', 1.085167, -2153155584.0, 39.84375]
['FSS', -767342018560.0, -767342018560.0, 39.875]
['FSS', -921124864000.0, -921124864000.0, 39.875]
['FSS', 1.217617, -3598143488.0, 39.84375]
['FSS', -2342540.5, 2.273053, 39.40625]
['FSS', 1.217617, -3598143488.0, 39.3125]
['FSS', 1.217617, -3598143488.0, 39.1875]
['FSS', 1.183551, -17014805504.0, 35.46875]
['FSS', 1.217617, -3598143488.0, 33.9375]
['FSS', 1.217617, -3598143488.0, 32.5625]
['FSS', 1.183551, -17014805504.0, 30.6875]
['FSS', 1.217617, -3598143488.0, 30.375]
['FSS', 1.217617, -3598143488.0, 30.34375]
['FSS', 1.183551, -17014805504.0, 30.28125]
['FSS', 1.217617, -3598143488.0, 30.3125]
['FSS', 1.183551, -17014805504.0, 30.4375]
['FSS', 1.183551, -17014805504.0, 30.46875]
['FSS', 1.217617, -3598143488.0, 30.5]
['FSS', 1.183551, -17014805504.0, 30.40625]
['FSS', 1.183551, -17014805504.0, 29.96875]
['FSS', 1.217617, -3598143488.0, 29.90625]
['FSS', 1.183551, -17014805504.0, 29.90625]
['FSS', 1.183551, -17014805504.0, 29.90625]
['FSS', 1.085167, -2153155584.0, 29.90625]
['FSS', 1.217617, -3598143488.0, 29.90625]
['FSS', 1.217617, -3598143488.0, 29.90625]
['FSS', 1.217617, -3598143488.0, 29.90625]
['FSS', 1.183551, -17014805504.0, 29.90625]
['FSS', 1.183551, -17014805504.0, 29.9375]
['FSS', 1.183551, -17014805504.0, 30.0]
['FSS', 1.183551, -17014805504.0, 29.96875]
['FSS', 1.183551, -17014805504.0, 30.0]
['FSS', 1.217617, -3598143488.0, 30.03125]
['FSS', 1.183551, -17014805504.0, 30.03125]
['FSS', 1.217617, -3598143488.0, 30.0]
['FSS', 1.183551, -17014805504.0, 30.03125]
['FSS', 1.183551, -17014805504.0, 30.03125]
['FSS', 1.217617, -3598143488.0, 30.0625]
['FSS', 1.217617, -3598143488.0, 30.0625]
['FSS', 1.183551, -17014805504.0, 30.0625]
['FSS', -3.550858, -3.6080489900798005e-15, 30.0625]
['FSS', 1.085167, -2153155584.0, 30.0625]
['FSS', 1.183551, -17014805504.0, 30.0625]
['FSS', 1.217617, -3598143488.0, 30.03125]
['FSS', 1.183551, -17014805504.0, 30.03125]
['FSS', 1.183551, -17014805504.0, 30.03125]
['FSS', 1.217617, -3598143488.0, 29.96875]
['FSS', 1.183551, -17014805504.0, 29.9375]
['FSS', 1.183551, -17014805504.0, 29.96875]
['FSS', 1.183551, -17014805504.0, 29.96875]
['FSS', 1.183551, -17014805504.0, 30.0]
['FSS', 1.183551, -17014805504.0, 29.96875]
['FSS', 1.183551, -17014805504.0, 29.96875]
['FSS', 1.183551, -17014805504.0, 29.96875]
['FSS', 1.183551, -17014805504.0, 29.9375]
['FSS', 1.183551, -17014805504.0, 29.96875]
['FSS', 1.183551, -17014805504.0, 29.9375]
['FSS', 1.217617, -3598143488.0, 29.96875]
['FSS', 1.217617, -3598143488.0, 29.90625]
['FSS', 1.183551, -17014805504.0, 29.90625]
['FSS', 1.183551, -17014805504.0, 29.875]
['FSS', 1.085167, -2153155584.0, 29.875]
['FSS', 1.217617, -3598143488.0, 29.875]
['FSS', 1.217617, -3598143488.0, 29.875]
['FSS', 1.183551, -17014805504.0, 29.875]
['FSS', 1.183551, -17014805504.0, 29.90625]
['FSS', 1.217617, -3598143488.0, 29.90625]
['FSS', 1.183551, -17014805504.0, 29.90625]
['FSS', 1.183551, -17014805504.0, 29.90625]
['FSS', 1.183551, -17014805504.0, 29.875]
['FSS', 1.217617, -3598143488.0, 29.90625]
['FSS', 1.217617, -3598143488.0, 29.90625]
['FSS', 1.217617, -3598143488.0, 29.875]
['FSS', 1.183551, -17014805504.0, 29.90625]
['FSS', 1.183551, -17014805504.0, 29.875]
['FSS', 1.217617, -3598143488.0, 29.90625]
['FSS', 1.183551, -17014805504.0, 29.875]
['FSS', 1.183551, -17014805504.0, 29.875]
['FSS', 1.085167, -2153155584.0, 29.90625]
['FSS', 1.183551, -17014805504.0, 29.90625]
['FSS', 1.183551, -17014805504.0, 29.90625]
['FSS', -7.956682553254e-17, -3598143744.0, 29.90625]
['FSS', 1.217617, -3598143488.0, 29.875]
['FSS', 1.217617, -3598143488.0, 29.90625]
['FSS', 1.217617, -3598143488.0, 29.90625]
['FSS', 1.217617, -3598143488.0, 29.90625]
['FSS', 1.183551, -17014805504.0, 29.90625]
['FSS', 1.217617, -3598143488.0, 29.875]
['FSS', 1.183551, -17014805504.0, 29.90625]
['FSS', 1.217617, -3598143488.0, 29.90625]
['FSS', 1.183551, -17014805504.0, 29.9375]
['FSS', 1.183551, -17014805504.0, 29.90625]
['FSS', 1.183551, -17014805504.0, 29.875]
['FSS', 1.217617, -3598143488.0, 29.90625]
['FSS', 1.217617, -3598143488.0, 29.90625]
['FSS', 1.183551, -17014805504.0, 29.90625]
['FSS', 1.183551, -17014805504.0, 29.90625]
['FSS', 1.085167, -2153155584.0, 29.90625]
['FSS', 1.085167, -2153155584.0, 29.90625]
['FSS', 1.183551, -17014805504.0, 29.90625]
['FSS', 1.217617, -3598143488.0, 29.90625]
['FSS', 1.183551, -17014805504.0, 29.9375]
['FSS', 1.217617, -3598143488.0, 29.9375]
['FSS', 1.085167, -2153155584.0, 29.9375]
['FSS', 1.217617, -3598143488.0, 29.9375]
['FSS', 1.217617, -3598143488.0, 29.9375]
['FSS', 1.183551, -17014805504.0, 29.9375]
['FSS', 1.217617, -3598143488.0, 29.90625]
['FSS', 1.217617, -3598143488.0, 29.90625]
['FSS', 1.183551, -17014805504.0, 29.90625]
['FSS', 1.183551, -17014805504.0, 29.90625]
['FSS', 1.217617, -3598143488.0, 29.9375]
['FSS', 1.183551, -17014805504.0, 29.90625]
['FSS', 1.217617, -3598143488.0, 29.90625]
['FSS', 1.183551, -17014805504.0, 29.90625]
['FSS', 1.183551, -17014805504.0, 29.90625]
['FSS', 1.217617, -3598143488.0, 29.875]
['FSS', 1.183551, -17014805504.0, 29.90625]
['FSS', 1.183551, -17014805504.0, 29.90625]
['FSS', -374418.46875, 3.463343, 29.90625]
['FSS', 1.183551, -17014805504.0, 29.90625]
['FSS', 1.183551, -17014805504.0, 29.90625]
['FSS', 1.183551, -17014805504.0, 29.9375]
['FSS', 1.217617, -3598143488.0, 29.0]
['FSS', 1.183551, -17014805504.0, 23.8125]
['FSS', 1.183551, -17014805504.0, 22.46875]
['FSS', 1.183551, -2.425698, 21.53125]
['FSS', -374418.46875, 3.463343, 20.40625]
['FSS', 1.183551, -17014805504.0, 20.40625]
['FSS', 1.217617, -3598143488.0, 20.40625]
['FSS', 1.183551, -17014805504.0, 20.34375]
['FSS', 1.183551, -17014805504.0, 20.25]
['FSS', 1.217617, -3598143488.0, 19.84375]
['FSS', 1.217617, -3598143488.0, 19.8125]
['FSS', 1.217617, -3598143488.0, 19.8125]
['FSS', 1.183551, -17014805504.0, 19.78125]
['FSS', 1.183551, -17014805504.0, 19.78125]
['FSS', 1.183551, -17014805504.0, 19.78125]
['FSS', 1.183551, -17014805504.0, 19.8125]
['FSS', 1.183551, -17014805504.0, 19.8125]
['FSS', 1.183551, -17014805504.0, 19.8125]
['FSS', 1.217617, -3598143488.0, 19.8125]
['FSS', 1.183551, -17014805504.0, 19.8125]
['FSS', 1.217617, -3598143488.0, 19.875]
['FSS', 1.183551, -17014805504.0, 19.90625]
['FSS', 1.183551, -17014805504.0, 19.90625]
['FSS', 1.217617, -3598143488.0, 19.9375]
['FSS', 1.217617, -3598143488.0, 19.9375]
['FSS', 1.217617, -3598143488.0, 19.96875]
['FSS', 1.183551, -17014805504.0, 20.0]
['FSS', 1.183551, -17014805504.0, 20.0]
['FSS', 1.085167, -2153155584.0, 20.03125]
['FSS', 1.085167, -2153155584.0, 20.03125]
['FSS', 1.183551, -17014805504.0, 20.03125]
['FSS', 1.217617, -3598143488.0, 20.03125]
['FSS', 1.183551, -17014805504.0, 20.0625]
['FSS', 1.217617, -3598143488.0, 20.0]
['FSS', 1.217617, -3598143488.0, 20.0]
['FSS', 1.217617, -3598143488.0, 20.0]
['FSS', 1.183551, -17014805504.0, 19.96875]
['FSS', 1.183551, -17014805504.0, 20.0]
['FSS', 1.217617, -3598143488.0, 20.0]
['FSS', 1.217617, -3598143488.0, 20.03125]
['FSS', 1.217617, -3598143488.0, 20.0]
['FSS', 1.217617, -3598143488.0, 20.0]
['FSS', 1.183551, -17014805504.0, 20.0]
['FSS', 1.217617, -3598143488.0, 20.03125]
['FSS', 1.183551, -17014805504.0, 20.03125]
['FSS', 1.183551, -17014805504.0, 20.03125]
['FSS', 1.183551, -17014805504.0, 20.0]
['FSS', 1.217617, -3598143488.0, 20.0]
['FSS', 1.183551, -17014805504.0, 19.9375]
['FSS', 1.217617, -3598143488.0, 19.96875]
['FSS', 1.183551, -17014805504.0, 19.90625]
['FSS', 1.217617, -3598143488.0, 19.9375]
['FSS', 1.217617, -3598143488.0, 19.9375]
['FSS', 1.183551, -17014805504.0, 19.9375]
['FSS', -457527.71875, -0.0, 19.96875]
['FSS', 1.217617, -3598143488.0, 19.96875]
['FSS', 1.183551, -17014805504.0, 19.96875]
['FSS', 1.217617, -3598143488.0, 19.96875]
['FSS', 1.183551, -17014805504.0, 20.0]
['FSS', 1.217617, -3598143488.0, 20.0]
['FSS', 1.183551, -17014805504.0, 20.0]
['FSS', 1.217617, -3598143488.0, 20.0]
['FSS', 1.217617, -3598143488.0, 20.0]
['FSS', 1.217617, -3598143488.0, 19.96875]
['FSS', 1.183551, -17014805504.0, 19.96875]
['FSS', 1.217617, -3598143488.0, 19.96875]
['FSS', 1.217617, -3598143488.0, 19.96875]
['FSS', 1.217617, -3598143488.0, 19.96875]
['FSS', -2342540.5, 2.265535, 19.96875]
['FSS', 1.183551, -2.425698, 19.96875]
['FSS', 1.183551, -17014805504.0, 19.96875]
['FSS', 1.183551, -17014805504.0, 19.96875]
['FSS', 1.183551, -17014805504.0, 19.96875]
['FSS', -7.956682553254e-17, -3598143744.0, 19.96875]
['FSS', 1.085167, -2153155584.0, 19.96875]
['FSS', 1.217617, -3598143488.0, 19.96875]
['FSS', 1.183551, -17014805504.0, 19.96875]
['FSS', 1.183551, -17014805504.0, 20.0]
['FSS', 1.217617, -3598143488.0, 20.0]
['FSS', 1.183551, -17014805504.0, 20.0]
['FSS', 1.217617, -3598143488.0, 20.0]
['FSS', 1.085167, -2153155584.0, 20.0]
['FSS', 1.217617, -3598143488.0, 20.03125]
['FSS', 1.183551, -17014805504.0, 20.0]
['FSS', 1.183551, -17014805504.0, 20.0]
['FSS', 1.217617, -3598143488.0, 20.0]
['FSS', 1.183551, -17014805504.0, 20.0]
['FSS', 1.183551, -17014805504.0, 19.96875]
['FSS', 1.085167, -2153155584.0, 19.96875]
['FSS', 1.217617, -3598143488.0, 19.96875]
['FSS', 1.183551, -17014805504.0, 20.0]
['FSS', 1.183551, -17014805504.0, 20.0]
['FSS', 1.183551, -17014805504.0, 19.96875]
['FSS', 1.217617, -3598143488.0, 19.96875]
['FSS', 1.183551, -17014805504.0, 19.96875]
['FSS', 1.085167, -2153155584.0, 19.96875]
['FSS', 1.217617, -3598143488.0, 19.96875]
['FSS', 1.183551, -17014805504.0, 19.96875]
['FSS', 1.183551, -17014805504.0, 19.96875]
['FSS', 1.183551, -17014805504.0, 20.0]
['FSS', 1.183551, -17014805504.0, 20.0]
['FSS', 1.183551, -17014805504.0, 20.0]
['FSS', 1.217617, -3598143488.0, 19.96875]
['FSS', 1.217617, -3598143488.0, 20.0]
['FSS', 1.217617, -3598143488.0, 20.0]
['FSS', 1.183551, -17014805504.0, 20.0]
['FSS', 1.183551, -17014805504.0, 20.0]
['FSS', 1.217617, -3598143488.0, 20.0]
['FSS', 1.183551, -17014805504.0, 20.0]
['FSS', 1.085167, -2153155584.0, 20.0]
