['FSS', 1.217617, -3598143488.0, 23.3125]
['FSS', 1.183551, -17014805504.0, 23.1875]
['FSS', 1.183551, -17014805504.0, 23.03125]
['FSS', -2342540.75, 2.265535, 17.46875]
['FSS', 1.217617, -3598143488.0, 17.3125]
['FSS', 1.217617, -3598143488.0, 17.15625]
['FSS', 1.217617, -3598143488.0, 17.0]
['FSS', -921124864000.0, -921124864000.0, 16.8125]
['FSS', 1.217617, -3598143488.0, 16.65625]
['FSS', 1.217617, -3598143488.0, 15.21875]
['FSS', 1.217617, -3598143488.0, 15.03125]
['FSS', 1.217617, -3598143488.0, 14.6875]
['FSS', 1.217617, -3598143488.0, 14.46875]
['FSS', 1.217617, -3598143488.0, 14.3125]
['FSS', -767342018560.0, -767342018560.0, 13.96875]
['FSS', 1.183551, -17014805504.0, 9.9375]
['FSS', 1.183551, -17014805504.0, 0.75]
['FSS', 1.217617, -3598143488.0, 0.40625]
['FSS', 1.183551, -17014805504.0, 0.25]
['FSS', 1.217617, -3598143488.0, 0.09375]
['FSS', -374418.46875, 3.463343, -0.0625]
['FSS', 1.183551, -17014805504.0, -0.125]
['FSS', 1.183551, -17014805504.0, -0.15625]
['FSS', 1.183551, -2.425698, -0.28125]
['FSS', 1.183551, -2.425698, -0.3125]
['FSS', 1.183551, -17014805504.0, -0.28125]
['FSS', 1.183551, -17014805504.0, -0.28125]
['FSS', -374418.46875, 3.463343, -0.28125]
['FSS', 1.183551, -17014805504.0, -0.25]
['FSS', 1.183551, -17014805504.0, -0.25]
['FSS', 1.183551, -17014805504.0, -0.25]
['FSS', 1.183551, -17014805504.0, -0.25]
['FSS', 1.183551, -17014805504.0, -0.25]
['FSS', 1.183551, -17014805504.0, -0.21875]
['FSS', 1.183551, -2.425698, -0.125]
['FSS', 1.183551, -17014805504.0, -0.125]
['FSS', 1.183551, -17014805504.0, -0.09375]
['FSS', -457527.71875, -0.0, -0.09375]
['FSS', 1.183551, -17014805504.0, -0.09375]
['FSS', 1.183551, -17014805504.0, -0.09375]
['FSS', 1.183551, -17014805504.0, -0.09375]
['FSS', 1.183551, -17014805504.0, -0.0625]
['FSS', 1.183551, -17014805504.0, -0.09375]
['FSS', 1.183551, -17014805504.0, -0.03125]
['FSS', 1.217617, -3598143488.0, -0.0625]
['FSS', 1.183551, -17014805504.0, -0.09375]
['FSS', 1.217617, -3598143488.0, -0.0625]
['FSS', 1.183551, -17014805504.0, -0.0625]
['FSS', 1.183551, -17014805504.0, -0.09375]
['FSS', 1.217617, -3598143488.0, -0.09375]
['FSS', 1.183551, -17014805504.0, -0.09375]
['FSS', 1.183551, -17014805504.0, -0.125]
['FSS', 1.183551, -17014805504.0, -0.125]
['FSS', 1.183551, -17014805504.0, -0.125]
['FSS', 1.183551, -17014805504.0, -0.125]
['FSS', 1.183551, -17014805504.0, -0.09375]
['FSS', -374418.46875, 3.463343, -0.15625]
['FSS', 1.183551, -17014805504.0, -0.15625]
['FSS', 1.183551, -17014805504.0, -0.15625]
['FSS', 1.183551, -17014805504.0, -0.1875]
['FSS', 1.183551, -17014805504.0, -0.1875]
['FSS', 1.183551, -2.425698, -0.1875]
['FSS', -374418.46875, 3.463343, -0.1875]
['FSS', 1.183551, -17014805504.0, -0.21875]
['FSS', 1.217617, -3598143488.0, -0.34375]
['FSS', 1.183551, -17014805504.0, -5.8125]
['FSS', 1.217617, -3598143488.0, -6.0]
['FSS', 1.183551, -17014805504.0, -6.625]
['FSS', 1.217617, -3598143488.0, -6.6875]
['FSS', 1.183551, -17014805504.0, -7.46875]
['FSS', 1.183551, -17014805504.0, -11.46875]
['FSS', 1.217617, -3598143488.0, -12.09375]
['FSS', 1.217617, -3598143488.0, -12.3125]
['FSS', 1.183551, -17014805504.0, -13.0625]
['FSS', 1.217617, -3598143488.0, -13.1875]
['FSS', 1.217617, -3598143488.0, -13.59375]
['FSS', 1.217617, -3598143488.0, -14.25]
['FSS', 1.183551, -17014805504.0, -14.3125]
['FSS', 1.217617, -3598143488.0, -14.53125]
['FSS', 1.217617, -3598143488.0, -15.21875]
['FSS', 1.183551, -17014805504.0, -18.96875]
['FSS', 1.217617, -3598143488.0, -22.46875]
['FSS', 1.183551, -17014805504.0, -23.0]
['FSS', 1.217617, -3598143488.0, -23.53125]
['FSS', 1.217617, -3598143488.0, -23.625]
['FSS', 1.217617, -3598143488.0, -23.75]
['FSS', 1.217617, -3598143488.0, -23.875]
['FSS', 1.183551, -17014805504.0, -23.96875]
['FSS', 1.217617, -3598143488.0, -24.6875]
['FSS', 1.217617, -3598143488.0, -29.1875]
['FSS', 1.217617, -3598143488.0, -29.65625]
['FSS', 1.217617, -3598143488.0, -30.40625]
['FSS', 1.217617, -3598143488.0, -30.4375]
['FSS', 1.217617, -3598143488.0, -30.46875]
['FSS', 1.217617, -3598143488.0, -30.71875]
['FSS', 1.183551, -17014805504.0, -30.75]
['FSS', 1.183551, -17014805504.0, -30.78125]
['FSS', 1.183551, -17014805504.0, -30.84375]
['FSS', 1.183551, -17014805504.0, -30.8125]
['FSS', 1.217617, -3598143488.0, -30.84375]
['FSS', 1.217617, -3598143488.0, -30.875]
['FSS', 1.183551, -17014805504.0, -30.90625]
['FSS', 1.217617, -3598143488.0, -30.9375]
['FSS', 1.183551, -17014805504.0, -31.03125]
['FSS', 1.217617, -3598143488.0, -31.03125]
['FSS', 1.217617, -3598143488.0, -31.0625]
['FSS', 1.217617, -3598143488.0, -31.0625]
['FSS', 1.183551, -17014805504.0, -31.0625]
['FSS', 1.217617, -3598143488.0, -31.0625]
['FSS', 1.217617, -3598143488.0, -31.0625]
['FSS', 1.217617, -3598143488.0, -31.0625]
['FSS', 1.217617, -3598143488.0, -31.0625]
['FSS', 1.217617, -3598143488.0, -31.0625]
['FSS', 1.183551, -17014805504.0, -31.09375]
['FSS', 1.217617, -3598143488.0, -31.09375]
['FSS', 1.217617, -3598143488.0, -31.125]
['FSS', 1.217617, -3598143488.0, -31.125]
['FSS', 1.217617, -3598143488.0, -31.09375]
['FSS', 1.217617, -3598143488.0, -31.125]
['FSS', 1.085167, -2153155584.0, -31.125]
['FSS', 1.217617, -3598143488.0, -31.125]
['FSS', 1.217617, -3598143488.0, -31.15625]
['FSS', 1.217617, -3598143488.0, -31.15625]
['FSS', 1.217617, -3598143488.0, -31.15625]
['FSS', 1.217617, -3598143488.0, -31.15625]
['FSS', 1.217617, -3598143488.0, -31.15625]
['FSS', 1.217617, -3598143488.0, -31.125]
['FSS', 1.217617, -3598143488.0, -31.15625]
['FSS', 1.217617, -3598143488.0, -31.125]
['FSS', 1.217617, -3598143488.0, -31.09375]
['FSS', 1.183551, -17014805504.0, -31.0625]
['FSS', 1.217617, -3598143488.0, -31.0625]
['FSS', 1.183551, -2.425698, -31.03125]
['FSS', 1.183551, -17014805504.0, -31.03125]
['FSS', 1.217617, -3598143488.0, -30.96875]
['FSS', 1.217617, -3598143488.0, -30.9375]
['FSS', 1.217617, -3598143488.0, -30.96875]
['FSS', 1.217617, -3598143488.0, -30.96875]
['FSS', 1.217617, -3598143488.0, -30.96875]
['FSS', 1.217617, -3598143488.0, -30.96875]
['FSS', 1.217617, -3598143488.0, -30.96875]
['FSS', 1.217617, -3598143488.0, -30.90625]
['FSS', 1.217617, -3598143488.0, -30.90625]
['FSS', 1.085167, -2153155584.0, -30.875]
['FSS', 1.217617, -3598143488.0, -30.90625]
['FSS', 1.217617, -3598143488.0, -30.875]
['FSS', 1.217617, -3598143488.0, -30.90625]
['FSS', 1.183551, -17014805504.0, -30.875]
['FSS', 1.217617, -3598143488.0, -30.875]
['FSS', 1.217617, -3598143488.0, -30.90625]
['FSS', 1.085167, -2153155584.0, -30.875]
['FSS', 1.183551, -17014805504.0, -30.875]
['FSS', 1.217617, -3598143488.0, -30.875]
['FSS', 1.217617, -3598143488.0, -30.84375]
['FSS', 1.217617, -3598143488.0, -30.875]
['FSS', 1.217617, -3598143488.0, -30.84375]
['FSS', 1.183551, -17014805504.0, -30.875]
['FSS', 1.217617, -3598143488.0, -30.875]
['FSS', 1.183551, -17014805504.0, -30.875]
['FSS', 1.183551, -17014805504.0, -30.875]
['FSS', 1.085167, -2153155584.0, -30.84375]
['FSS', 1.217617, -3598143488.0, -30.84375]
['FSS', 1.217617, -3598143488.0, -30.84375]
['FSS', 1.183551, -17014805504.0, -30.875]
['FSS', 1.217617, -3598143488.0, -30.84375]
['FSS', 1.217617, -3598143488.0, -30.84375]
['FSS', 1.217617, -3598143488.0, -30.84375]
['FSS', 1.217617, -3598143488.0, -30.84375]
['FSS', 1.217617, -3598143488.0, -30.84375]
['FSS', 1.217617, -3598143488.0, -30.84375]
['FSS', 1.217617, -3598143488.0, -30.84375]
['FSS', 1.217617, -3598143488.0, -30.84375]
['FSS', 1.217617, -3598143488.0, -30.875]
['FSS', 1.217617, -3598143488.0, -30.84375]
['FSS', 1.217617, -3598143488.0, -30.84375]
['FSS', -921124864000.0, -921124864000.0, -30.84375]
['FSS', 1.217617, -3598143488.0, -30.8125]
['FSS', 1.217617, -3598143488.0, -30.84375]
['FSS', 1.217617, -3598143488.0, -30.84375]
['FSS', 1.217617, -3598143488.0, -30.84375]
['FSS', 1.217617, -3598143488.0, -30.8125]
['FSS', 1.217617, -3598143488.0, -30.8125]
['FSS', 1.183551, -17014805504.0, -30.8125]
['FSS', 1.217617, -3598143488.0, -30.8125]
['FSS', 1.217617, -3598143488.0, -30.8125]
['FSS', 1.217617, -3598143488.0, -30.8125]
['FSS', 1.217617, -3598143488.0, -30.8125]
['FSS', 1.217617, -3598143488.0, -30.8125]
['FSS', 1.217617, -3598143488.0, -30.78125]
['FSS', 1.085167, -2153155584.0, -30.8125]
['FSS', 1.217617, -3598143488.0, -30.8125]
['FSS', 1.217617, -3598143488.0, -30.8125]
['FSS', 1.217617, -3598143488.0, -30.8125]
['FSS', 1.217617, -3598143488.0, -30.8125]
['FSS', 1.217617, -3598143488.0, -30.8125]
['FSS', 1.217617, -3598143488.0, -30.8125]
['FSS', 1.217617, -3598143488.0, -30.8125]
['FSS', 1.183551, -17014805504.0, -30.8125]
['FSS', 1.217617, -3598143488.0, -30.8125]
['FSS', 1.085167, -2153155584.0, -30.8125]
['FSS', 1.183551, -17014805504.0, -30.8125]
['FSS', 1.217617, -3598143488.0, -30.8125]
['FSS', 1.085167, -2153155584.0, -30.8125]
['FSS', 1.217617, -3598143488.0, -30.8125]
['FSS', 1.183551, -17014805504.0, -30.8125]
['FSS', 1.217617, -3598143488.0, -30.8125]
['FSS', 1.217617, -3598143488.0, -30.8125]
['FSS', 1.217617, -3598143488.0, -30.8125]
['FSS', 1.217617, -3598143488.0, -30.8125]
['FSS', 1.183551, -17014805504.0, -30.8125]
['FSS', 1.217617, -3598143488.0, -30.8125]
['FSS', 1.217617, -3598143488.0, -30.78125]
['FSS', 1.183551, -17014805504.0, -30.8125]
['FSS', 1.183551, -17014805504.0, -30.78125]
['FSS', 1.217617, -3598143488.0, -30.78125]
['FSS', 1.217617, -3598143488.0, -30.78125]
['FSS', 1.217617, -3598143488.0, -30.78125]
['FSS', 1.217617, -3598143488.0, -30.78125]
['FSS', 1.217617, -3598143488.0, -30.8125]
['FSS', 1.085167, -2153155584.0, -30.78125]
['FSS', 1.085167, -2153155584.0, -30.78125]
['FSS', 1.217617, -3598143488.0, -30.75]
['FSS', 1.217617, -3598143488.0, -30.78125]
['FSS', 1.217617, -3598143488.0, -30.78125]
['FSS', 1.217617, -3598143488.0, -30.78125]
['FSS', 1.217617, -3598143488.0, -30.78125]
['FSS', 1.217617, -3598143488.0, -30.78125]
['FSS', 1.183551, -17014805504.0, -30.8125]
['FSS', 1.217617, -3598143488.0, -30.78125]
['FSS', 1.217617, -3598143488.0, -30.75]
['FSS', 1.217617, -3598143488.0, -30.78125]
['FSS', 1.217617, -3598143488.0, -30.8125]
['FSS', 1.217617, -3598143488.0, -30.78125]
['FSS', 1.217617, -3598143488.0, -30.78125]
['FSS', 1.217617, -3598143488.0, -30.8125]
['FSS', 1.217617, -3598143488.0, -30.8125]
['FSS', 1.217617, -3598143488.0, -30.78125]
['FSS', 1.085167, -2153155584.0, -30.78125]
['FSS', 1.217617, -3598143488.0, -30.8125]
['FSS', 1.217617, -3598143488.0, -30.84375]
['FSS', 1.217617, -3598143488.0, -30.8125]
['FSS', 1.217617, -3598143488.0, -30.84375]
['FSS', 1.085167, -2153155584.0, -30.8125]
['FSS', 1.217617, -3598143488.0, -30.78125]
['FSS', 1.217617, -3598143488.0, -30.78125]
['FSS', 1.217617, -3598143488.0, -30.78125]
['FSS', 1.085167, -2153155584.0, -30.8125]
['FSS', 1.183551, -17014805504.0, -30.8125]
['FSS', 1.183551, -17014805504.0, -30.8125]
['FSS', 1.183551, -17014805504.0, -30.8125]
['FSS', 1.217617, -3598143488.0, -30.78125]
['FSS', 1.183551, -17014805504.0, -30.75]
['FSS', 1.183551, -17014805504.0, -30.75]
['FSS', 1.183551, -17014805504.0, -30.75]
['FSS', 1.217617, -3598143488.0, -30.78125]
['FSS', 1.183551, -17014805504.0, -30.78125]
['FSS', 1.217617, -3598143488.0, -30.78125]
['FSS', 1.183551, -17014805504.0, -30.75]
['FSS', 1.183551, -17014805504.0, -30.78125]
['FSS', 1.183551, -17014805504.0, -30.78125]
['FSS', 1.183551, -2.425698, -30.78125]
['FSS', 1.217617, -3598143488.0, -30.75]
['FSS', 1.217617, -3598143488.0, -30.75]
['FSS', 1.217617, -3598143488.0, -30.75]
['FSS', 1.183551, -17014805504.0, -30.75]
['FSS', 1.217617, -3598143488.0, -30.78125]
['FSS', 1.183551, -17014805504.0, -30.78125]
['FSS', 1.217617, -3598143488.0, -30.78125]
['FSS', 1.183551, -17014805504.0, -30.78125]
['FSS', 1.183551, -17014805504.0, -30.78125]
['FSS', 1.217617, -3598143488.0, -30.78125]
['FSS', 1.085167, -2153155584.0, -30.78125]
['FSS', 1.217617, -3598143488.0, -30.78125]
['FSS', 1.183551, -17014805504.0, -30.78125]
['FSS', 1.217617, -3598143488.0, -30.78125]
['FSS', 1.183551, -17014805504.0, -30.78125]
['FSS', 1.217617, -3598143488.0, -30.78125]
['FSS', 1.217617, -3598143488.0, -30.75]
['FSS', 1.217617, -3598143488.0, -30.78125]
['FSS', 1.217617, -3598143488.0, -30.78125]
['FSS', 1.217617, -3598143488.0, -30.78125]
['FSS', 1.217617, -3598143488.0, -30.78125]
['FSS', 1.217617, -3598143488.0, -30.75]
['FSS', 1.217617, -3598143488.0, -30.78125]
['FSS', 1.217617, -3598143488.0, -30.78125]
['FSS', 1.183551, -17014805504.0, -30.75]
['FSS', 1.217617, -3598143488.0, -30.78125]
['FSS', 1.183551, -17014805504.0, -30.78125]
['FSS', 1.217617, -3598143488.0, -30.8125]
['FSS', 1.217617, -3598143488.0, -30.8125]
['FSS', 1.217617, -3598143488.0, -30.78125]
['FSS', 1.217617, -3598143488.0, -30.8125]
['FSS', 1.217617, -3598143488.0, -30.8125]
['FSS', 1.217617, -3598143488.0, -30.8125]
['FSS', 1.217617, -3598143488.0, -30.8125]
['FSS', 1.217617, -3598143488.0, -30.8125]
['FSS', 1.183551, -17014805504.0, -30.78125]
['FSS', 1.217617, -3598143488.0, -30.8125]
['FSS', 1.183551, -17014805504.0, -30.8125]
['FSS', 1.183551, -17014805504.0, -30.78125]
['FSS', 1.217617, -3598143488.0, -30.8125]
['FSS', 1.217617, -3598143488.0, -30.8125]
['FSS', 1.217617, -3598143488.0, -30.8125]
['FSS', 1.183551, -17014805504.0, -30.8125]
['FSS', 1.183551, -17014805504.0, -30.78125]
['FSS', 1.217617, -3598143488.0, -30.8125]
['FSS', 1.217617, -3598143488.0, -30.78125]
['FSS', 1.183551, -17014805504.0, -30.78125]
['FSS', 1.183551, -17014805504.0, -30.75]
['FSS', 1.217617, -3598143488.0, -29.59375]
['FSS', 1.217617, -3598143488.0, -25.84375]
['FSS', 1.217617, -3598143488.0, -25.78125]
['FSS', 1.217617, -3598143488.0, -25.53125]
['FSS', 1.217617, -3598143488.0, -22.9375]
['FSS', 1.183551, -17014805504.0, -22.875]
['FSS', 1.183551, -17014805504.0, -22.28125]
['FSS', 1.217617, -3598143488.0, -22.0625]
['FSS', 1.217617, -3598143488.0, -21.90625]
['FSS', 1.183551, -17014805504.0, -21.6875]
['FSS', 1.217617, -3598143488.0, -21.53125]
['FSS', 1.217617, -3598143488.0, -21.0]
['FSS', 1.217617, -3598143488.0, -21.0]
['FSS', 1.217617, -3598143488.0, -20.875]
['FSS', 1.085167, -2153155584.0, -20.875]
['FSS', 1.183551, -17014805504.0, -20.84375]
['FSS', 1.217617, -3598143488.0, -20.84375]
['FSS', 1.183551, -17014805504.0, -20.84375]
['FSS', 1.217617, -3598143488.0, -20.84375]
['FSS', 1.183551, -17014805504.0, -20.78125]
['FSS', 1.217617, -3598143488.0, -20.65625]
['FSS', 1.217617, -3598143488.0, -20.625]
['FSS', 1.085167, -2153155584.0, -20.5]
['FSS', 1.183551, -17014805504.0, -20.5]
['FSS', 1.217617, -3598143488.0, -20.5]
['FSS', 1.183551, -17014805504.0, -20.46875]
['FSS', 1.183551, -17014805504.0, -20.46875]
['FSS', 1.217617, -3598143488.0, -20.46875]
['FSS', 1.217617, -3598143488.0, -20.46875]
['FSS', 1.217617, -3598143488.0, -20.4375]
['FSS', 1.085167, -2153155584.0, -20.4375]
['FSS', 1.217617, -3598143488.0, -20.4375]
['FSS', 1.217617, -3598143488.0, -20.4375]
['FSS', 1.217617, -3598143488.0, -20.4375]
['FSS', 1.183551, -17014805504.0, -20.375]
['FSS', 1.183551, -17014805504.0, -20.375]
['FSS', 1.217617, -3598143488.0, -20.375]
['FSS', -7.956682553254e-17, -3598143744.0, -20.34375]
['FSS', 1.217617, -3598143488.0, -20.34375]
['FSS', 1.217617, -3598143488.0, -20.34375]
['FSS', 1.183551, -17014805504.0, -20.34375]
['FSS', 1.217617, -3598143488.0, -20.34375]
['FSS', 1.217617, -3598143488.0, -20.34375]
['FSS', 1.183551, -17014805504.0, -20.34375]
['FSS', 1.217617, -3598143488.0, -20.34375]
['FSS', 1.183551, -17014805504.0, -20.34375]
['FSS', 1.183551, -17014805504.0, -20.34375]
['FSS', 1.217617, -3598143488.0, -20.34375]
['FSS', 1.217617, -3598143488.0, -20.3125]
['FSS', 1.183551, -17014805504.0, -20.3125]
['FSS', 1.183551, -17014805504.0, -20.3125]
['FSS', 1.183551, -17014805504.0, -20.3125]
['FSS', 1.085167, -2153155584.0, -20.3125]
['FSS', 1.217617, -3598143488.0, -20.28125]
['FSS', 1.183551, -17014805504.0, -20.3125]
['FSS', 1.085167, -2153155584.0, -20.28125]
['FSS', 1.217617, -3598143488.0, -20.3125]
['FSS', 1.217617, -3598143488.0, -20.28125]
['FSS', 1.183551, -17014805504.0, -20.28125]
['FSS', 1.085167, -2153155584.0, -20.28125]
['FSS', 1.183551, -17014805504.0, -20.28125]
['FSS', 1.183551, -17014805504.0, -20.3125]
['FSS', 1.183551, -17014805504.0, -20.3125]
['FSS', 1.183551, -17014805504.0, -20.3125]
['FSS', 1.085167, -2153155584.0, -20.28125]
['FSS', 1.217617, -3598143488.0, -20.3125]
['FSS', 1.217617, -3598143488.0, -20.3125]
['FSS', 1.217617, -3598143488.0, -20.3125]
['FSS', 1.217617, -3598143488.0, -20.3125]
['FSS', 1.217617, -3598143488.0, -20.3125]
['FSS', 1.217617, -3598143488.0, -20.3125]
['FSS', 1.183551, -17014805504.0, -20.3125]
['FSS', 1.217617, -3598143488.0, -20.3125]
['FSS', 1.217617, -3598143488.0, -20.3125]
['FSS', 1.217617, -3598143488.0, -20.34375]
['FSS', 1.183551, -17014805504.0, -20.3125]
['FSS', 1.183551, -17014805504.0, -20.3125]
['FSS', 1.183551, -17014805504.0, -20.3125]
['FSS', 1.217617, -3598143488.0, -20.3125]
['FSS', 1.217617, -3598143488.0, -20.3125]
['FSS', 1.183551, -17014805504.0, -20.3125]
['FSS', 1.217617, -3598143488.0, -20.3125]
['FSS', 1.217617, -3598143488.0, -20.3125]
['FSS', 1.217617, -3598143488.0, -20.3125]
['FSS', 1.183551, -17014805504.0, -20.3125]
['FSS', 1.217617, -3598143488.0, -20.3125]
['FSS', 1.217617, -3598143488.0, -20.3125]
['FSS', 1.217617, -3598143488.0, -20.28125]
['FSS', 1.183551, -17014805504.0, -20.3125]
['FSS', 1.183551, -17014805504.0, -20.3125]
['FSS', 1.217617, -3598143488.0, -20.3125]
['FSS', 1.217617, -3598143488.0, -20.3125]
['FSS', 1.183551, -17014805504.0, -20.3125]
['FSS', 1.183551, -17014805504.0, -20.3125]
['FSS', 1.183551, -17014805504.0, -20.3125]
['FSS', 1.217617, -3598143488.0, -20.3125]
['FSS', 1.217617, -3598143488.0, -20.3125]
['FSS', 1.183551, -17014805504.0, -20.3125]
['FSS', 1.183551, -17014805504.0, -20.3125]
['FSS', 1.183551, -17014805504.0, -20.3125]
['FSS', 1.217617, -3598143488.0, -20.3125]
['FSS', 1.217617, -3598143488.0, -20.3125]
['FSS', 1.183551, -17014805504.0, -20.28125]
['FSS', 1.183551, -17014805504.0, -20.3125]
['FSS', 1.217617, -3598143488.0, -20.28125]
['FSS', 1.217617, -3598143488.0, -20.3125]
['FSS', 1.217617, -3598143488.0, -20.3125]
['FSS', 1.217617, -3598143488.0, -20.3125]
['FSS', 1.217617, -3598143488.0, -20.3125]
['FSS', 1.217617, -3598143488.0, -20.28125]
['FSS', 1.183551, -17014805504.0, -20.3125]
['FSS', 1.183551, -17014805504.0, -20.3125]
['FSS', 1.217617, -3598143488.0, -20.3125]
['FSS', 1.217617, -3598143488.0, -20.3125]
['FSS', 1.217617, -3598143488.0, -20.3125]
['FSS', 1.183551, -17014805504.0, -20.3125]
['FSS', 1.217617, -3598143488.0, -20.3125]
['FSS', 1.217617, -3598143488.0, -20.3125]
['FSS', 1.217617, -3598143488.0, -20.3125]
['FSS', 1.217617, -3598143488.0, -20.3125]
['FSS', 1.217617, -3598143488.0, -20.3125]
['FSS', 1.183551, -17014805504.0, -20.3125]
['FSS', 1.217617, -3598143488.0, -20.28125]
['FSS', 1.217617, -3598143488.0, -20.3125]
['FSS', 1.217617, -3598143488.0, -20.28125]
['FSS', 1.183551, -17014805504.0, -20.28125]
['FSS', 1.183551, -17014805504.0, -20.28125]
['FSS', 1.085167, -2153155584.0, -20.28125]
['FSS', 1.183551, -17014805504.0, -20.28125]
['FSS', 1.183551, -17014805504.0, -20.28125]
['FSS', 1.183551, -17014805504.0, -20.28125]
['FSS', 1.217617, -3598143488.0, -20.28125]
['FSS', 1.217617, -3598143488.0, -20.28125]
['FSS', 1.183551, -17014805504.0, -20.3125]
['FSS', 1.183551, -17014805504.0, -20.28125]
['FSS', 1.217617, -3598143488.0, -20.28125]
['FSS', 1.217617, -3598143488.0, -20.28125]
['FSS', 1.217617, -3598143488.0, -20.28125]
['FSS', 1.085167, -2153155584.0, -20.3125]
['FSS', 1.217617, -3598143488.0, -20.25]
['FSS', 1.217617, -3598143488.0, -20.28125]
['FSS', 1.183551, -17014805504.0, -20.25]
['FSS', 1.085167, -2153155584.0, -20.25]
['FSS', 1.217617, -3598143488.0, -20.28125]
['FSS', 1.217617, -3598143488.0, -20.28125]
['FSS', 1.183551, -17014805504.0, -20.28125]
['FSS', 1.183551, -17014805504.0, -20.28125]
['FSS', 1.217617, -3598143488.0, -20.28125]
['FSS', 1.183551, -17014805504.0, -20.3125]
['FSS', 1.183551, -17014805504.0, -20.28125]
['FSS', 1.183551, -17014805504.0, -20.3125]
['FSS', 1.183551, -17014805504.0, -20.28125]
['FSS', 1.217617, -3598143488.0, -20.28125]
['FSS', 1.217617, -3598143488.0, -20.28125]
['FSS', 1.217617, -3598143488.0, -20.25]
['FSS', 1.085167, -2153155584.0, -20.25]
['FSS', 1.217617, -3598143488.0, -20.28125]
['FSS', 1.217617, -3598143488.0, -20.28125]
['FSS', -921124864000.0, -921124864000.0, -20.28125]
['FSS', -7.956682553254e-17, -3598143744.0, -20.28125]
['FSS', 1.183551, -17014805504.0, -20.25]
['FSS', 1.217617, -3598143488.0, -19.9375]
['FSS', 1.217617, -3598143488.0, -15.53125]
['FSS', 1.217617, -3598143488.0, -14.375]
['FSS', 1.217617, -3598143488.0, -13.65625]
['FSS', 1.217617, -3598143488.0, -13.3125]
['FSS', 1.217617, -3598143488.0, -12.625]
['FSS', 1.183551, -17014805504.0, -12.0625]
['FSS', 1.183551, -17014805504.0, -11.46875]
['FSS', 1.217617, -3598143488.0, -11.3125]
['FSS', 1.183551, -17014805504.0, -10.71875]
['FSS', 1.217617, -3598143488.0, -10.71875]
['FSS', 1.217617, -3598143488.0, -10.46875]
['FSS', -921124864000.0, -921124864000.0, -10.375]
['FSS', 1.217617, -3598143488.0, -10.28125]
['FSS', 1.183551, -17014805504.0, -10.28125]
['FSS', 1.217617, -3598143488.0, -10.25]
['FSS', 1.183551, -17014805504.0, -10.28125]
['FSS', 1.183551, -17014805504.0, -10.25]
['FSS', 1.183551, -17014805504.0, -10.25]
['FSS', 1.183551, -17014805504.0, -10.21875]
['FSS', 1.183551, -17014805504.0, -10.1875]
['FSS', 1.085167, -2153155584.0, -10.1875]
['FSS', 1.217617, -3598143488.0, -10.1875]
['FSS', 1.183551, -17014805504.0, -10.1875]
['FSS', 1.183551, -17014805504.0, -10.1875]
['FSS', 1.183551, -17014805504.0, -10.15625]
['FSS', 1.085167, -2153155584.0, -10.15625]
['FSS', 1.183551, -17014805504.0, -10.15625]
['FSS', 1.183551, -17014805504.0, -10.15625]
['FSS', 1.183551, -17014805504.0, -10.1875]
['FSS', 1.217617, -3598143488.0, -10.15625]
['FSS', 1.183551, -17014805504.0, -10.15625]
['FSS', 1.183551, -17014805504.0, -10.1875]
['FSS', 1.217617, -3598143488.0, -10.15625]
['FSS', 1.217617, -3598143488.0, -10.15625]
['FSS', 1.217617, -3598143488.0, -10.15625]
['FSS', 1.217617, -3598143488.0, -10.15625]
['FSS', 1.217617, -3598143488.0, -10.15625]
['FSS', 1.217617, -3598143488.0, -10.1875]
['FSS', 1.217617, -3598143488.0, -10.1875]
['FSS', 1.217617, -3598143488.0, -10.15625]
['FSS', 1.183551, -17014805504.0, -10.1875]
['FSS', 1.217617, -3598143488.0, -10.15625]
['FSS', 1.183551, -17014805504.0, -10.15625]
['FSS', 1.217617, -3598143488.0, -10.15625]
['FSS', 1.217617, -3598143488.0, -10.1875]
['FSS', 1.183551, -17014805504.0, -10.1875]
['FSS', 1.183551, -17014805504.0, -10.15625]
['FSS', 1.183551, -17014805504.0, -10.15625]
['FSS', 1.217617, -3598143488.0, -10.1875]
['FSS', 1.183551, -17014805504.0, -10.15625]
['FSS', -921124864000.0, -921124864000.0, -10.125]
['FSS', -2342540.5, 2.273053, -10.15625]
['FSS', 1.217617, -3598143488.0, -10.15625]
['FSS', 1.217617, -3598143488.0, -10.15625]
['FSS', 1.183551, -17014805504.0, -10.1875]
['FSS', 1.217617, -3598143488.0, -10.1875]
['FSS', 1.183551, -17014805504.0, -10.15625]
['FSS', 1.217617, -3598143488.0, -10.1875]
['FSS', 1.183551, -17014805504.0, -10.15625]
['FSS', 1.217617, -3598143488.0, -10.15625]
['FSS', 1.217617, -3598143488.0, -10.1875]
['FSS', 1.217617, -3598143488.0, -10.1875]
['FSS', 1.183551, -17014805504.0, -10.15625]
['FSS', 1.183551, -17014805504.0, -10.15625]
['FSS', 1.217617, -3598143488.0, -10.15625]
['FSS', 1.183551, -17014805504.0, -10.15625]
['FSS', 1.183551, -17014805504.0, -10.15625]
['FSS', 1.183551, -17014805504.0, -10.1875]
['FSS', 1.217617, -3598143488.0, -10.15625]
['FSS', 1.217617, -3598143488.0, -10.15625]
['FSS', 1.217617, -3598143488.0, -10.1875]
['FSS', 1.217617, -3598143488.0, -10.15625]
['FSS', 1.217617, -3598143488.0, -10.1875]
['FSS', 1.183551, -17014805504.0, -10.21875]
['FSS', 1.217617, -3598143488.0, -10.1875]
['FSS', 1.217617, -3598143488.0, -8.96875]
['FSS', -457527.71875, -0.0, -8.65625]
['FSS', -1.9e-05, -347720.96875, -1.8125]
['FSS', -374418.46875, 3.463343, -1.6875]
['FSS', 1.183551, -17014805504.0, -0.75]
['FSS', 1.183551, -17014805504.0, -0.75]
['FSS', 1.183551, -17014805504.0, -0.6875]
['FSS', 1.183551, -17014805504.0, -0.4375]
['FSS', 1.183551, -17014805504.0, -0.4375]
['FSS', 1.183551, -17014805504.0, -0.4375]
['FSS', 1.183551, -17014805504.0, -0.40625]
['FSS', 1.183551, -17014805504.0, -0.375]
['FSS', 1.183551, -17014805504.0, -0.34375]
['FSS', 1.183551, -17014805504.0, -0.34375]
['FSS', 1.183551, -17014805504.0, -0.3125]
['FSS', 1.183551, -17014805504.0, -0.28125]
['FSS', 1.183551, -17014805504.0, -0.28125]
['FSS', 1.183551, -2.425698, -0.25]
['FSS', -374418.46875, 3.463343, -0.21875]
['FSS', -457527.71875, -0.0, -0.21875]
['FSS', 1.217617, -3598143488.0, -0.21875]
['FSS', 1.183551, -17014805504.0, -0.1875]
['FSS', 1.183551, -17014805504.0, -0.21875]
['FSS', 1.183551, -17014805504.0, -0.1875]
['FSS', 1.183551, -17014805504.0, -0.1875]
['FSS', -374418.46875, 3.463343, -0.1875]
['FSS', 1.183551, -17014805504.0, -0.1875]
['FSS', 1.183551, -17014805504.0, -0.1875]
['FSS', -457527.71875, -0.0, -0.125]
['FSS', 1.183551, -17014805504.0, -0.15625]
['FSS', -1.9e-05, -347720.96875, -0.15625]
['FSS', 1.183551, -17014805504.0, -0.15625]
['FSS', 1.183551, -17014805504.0, -0.125]
['FSS', 1.183551, -17014805504.0, -0.15625]
['FSS', 1.183551, -2.425698, -0.15625]
['FSS', -457527.71875, -0.0, -0.15625]
['FSS', 1.183551, -17014805504.0, -0.125]
['FSS', 1.183551, -17014805504.0, -0.15625]
['FSS', 1.183551, -17014805504.0, -0.125]
['FSS', 1.183551, -17014805504.0, -0.125]
['FSS', 1.183551, -17014805504.0, -0.125]
['FSS', -457527.71875, -0.0, -0.125]
['FSS', -374418.46875, 3.463343, -0.125]
['FSS', 1.183551, -17014805504.0, -0.15625]
['FSS', -457527.71875, -0.0, -0.15625]
['FSS', 1.183551, -2.425698, -0.15625]
['FSS', 1.183551, -17014805504.0, -0.125]
['FSS', 1.183551, -2.425698, -0.15625]
['FSS', 1.183551, -17014805504.0, -0.15625]
['FSS', 1.183551, -17014805504.0, -0.125]
['FSS', 1.183551, -17014805504.0, -0.15625]
['FSS', 1.183551, -17014805504.0, -0.15625]
['FSS', -457527.71875, -0.0, -0.15625]
['FSS', 1.183551, -17014805504.0, -0.15625]
['FSS', 1.183551, -17014805504.0, -0.15625]
['FSS', -374418.46875, 3.463343, -0.1875]
['FSS', 1.183551, -17014805504.0, -0.1875]
['FSS', 1.183551, -17014805504.0, -0.15625]
['FSS', 1.183551, -17014805504.0, -0.15625]
['FSS', 1.183551, -17014805504.0, -0.15625]
['FSS', 1.183551, -17014805504.0, -0.15625]
['FSS', 1.183551, -17014805504.0, -0.15625]
['FSS', 1.183551, -17014805504.0, -0.15625]
['FSS', 1.183551, -17014805504.0, -0.15625]
['FSS', 1.183551, -17014805504.0, -0.15625]
['FSS', 1.217617, -3598143488.0, -0.125]
['FSS', 1.183551, -17014805504.0, -0.15625]
['FSS', 1.183551, -17014805504.0, -0.125]
['FSS', 1.183551, -17014805504.0, -0.15625]
['FSS', 1.183551, -17014805504.0, -0.15625]
['FSS', 1.183551, -17014805504.0, -0.15625]
['FSS', 1.183551, -17014805504.0, -0.15625]
['FSS', -457527.71875, -0.0, -0.125]
['FSS', -374418.46875, 3.463343, -0.15625]
['FSS', 1.183551, -17014805504.0, -0.125]
['FSS', 1.183551, -17014805504.0, -0.15625]
['FSS', 1.183551, -2.425698, -0.125]
['FSS', -457527.71875, -0.0, -0.15625]
['FSS', -457527.71875, -0.0, -0.15625]
['FSS', 1.183551, -17014805504.0, -0.15625]
['FSS', 1.183551, -17014805504.0, -0.15625]
['FSS', 1.183551, -17014805504.0, -0.15625]
['FSS', 1.183551, -17014805504.0, -0.15625]
['FSS', 1.183551, -17014805504.0, 1.53125]
['FSS', 1.085167, -2153155584.0, 4.1875]
['FSS', 1.217617, -3598143488.0, 4.9375]
['FSS', 1.183551, -17014805504.0, 5.6875]
['FSS', 1.217617, -3598143488.0, 5.90625]
['FSS', 1.217617, -3598143488.0, 5.9375]
['FSS', 1.183551, -17014805504.0, 8.4375]
['FSS', 1.183551, -17014805504.0, 11.15625]
['FSS', 1.183551, -17014805504.0, 11.78125]
['FSS', 1.152139, -3256689664.0, 12.71875]
['FSS', 1.217617, -3598143488.0, 14.0625]
['FSS', 1.217617, -3598143488.0, 14.78125]
['FSS', 1.183551, -17014805504.0, 14.90625]
['FSS', 1.217617, -3598143488.0, 15.21875]
['FSS', 1.217617, -3598143488.0, 15.375]
['FSS', 1.183551, -17014805504.0, 15.90625]
['FSS', 1.085167, -2153155584.0, 15.9375]
['FSS', 1.183551, -17014805504.0, 16.3125]
['FSS', -2342540.5, 2.273053, 16.71875]
['FSS', -921124864000.0, -921124864000.0, 16.75]
['FSS', -921124864000.0, -921124864000.0, 17.40625]
['FSS', 1.085167, -2153155584.0, 17.5625]
['FSS', 1.217617, -3598143488.0, 18.09375]
['FSS', 1.217617, -3598143488.0, 18.34375]
['FSS', -0.0, -6088730112.0, 18.4375]
['FSS', 1.183551, -17014805504.0, 18.53125]
['FSS', 1.217617, -3598143488.0, 18.78125]
['FSS', 1.183551, -17014805504.0, 19.0625]
['FSS', 1.183551, -17014805504.0, 19.0625]
['FSS', 1.183551, -17014805504.0, 19.25]
['FSS', 1.217617, -3598143488.0, 19.25]
['FSS', 1.183551, -17014805504.0, 19.375]
['FSS', 1.183551, -17014805504.0, 19.5625]
['FSS', 1.183551, -17014805504.0, 19.6875]
['FSS', 1.183551, -17014805504.0, 19.75]
['FSS', 1.183551, -17014805504.0, 19.8125]
['FSS', 1.183551, -17014805504.0, 19.84375]
['FSS', 1.183551, -17014805504.0, 19.90625]
['FSS', 1.217617, -3598143488.0, 19.875]
['FSS', 1.183551, -17014805504.0, 19.90625]
['FSS', 1.183551, -17014805504.0, 19.9375]
['FSS', 1.217617, -3598143488.0, 19.9375]
['FSS', 1.183551, -17014805504.0, 19.9375]
['FSS', 1.183551, -17014805504.0, 19.90625]
['FSS', 1.183551, -17014805504.0, 19.90625]
['FSS', 1.183551, -17014805504.0, 19.90625]
['FSS', 1.217617, -3598143488.0, 19.9375]
['FSS', 1.183551, -17014805504.0, 19.9375]
